1 189.188 543.438 724.75 0.982643 -0.0565745 0.176666 -0.0187824 0.917122 0.398164 -0.18455 -0.394572 0.900141 
2 200.156 365.625 801.25 0.982643 -0.0565745 0.176666 -0.0187824 0.917122 0.398164 -0.18455 -0.394572 0.900141 
3 190.891 178.812 829.125 0.982863 0.0489965 0.177707 -0.0739443 0.987862 0.136603 -0.168857 -0.147403 0.974556 
6 63.7589 375.887 824.683 0.0858324 -0.921841 0.377943 0.781484 0.297593 0.548381 -0.617993 0.248288 0.745947 
7 44.6622 202.016 962.179 0.28659 -0.921841 0.260911 0.954689 0.297593 0.00279407 -0.0802209 0.248288 0.965359 
9 -19.1005 -10.39 980.027 0 0 0 0 0 0 0 0 0 
12 336.554 355.363 777.817 0.264231 0.957844 -0.11277 -0.787288 0.281752 0.548447 0.5571 -0.0561336 0.828546 
13 395.342 180.202 901.765 0.176437 0.957844 0.226727 -0.731117 0.281752 -0.621357 -0.659043 -0.0561336 0.750007 
15 434.597 17.5372 755.136 0 0 0 0 0 0 0 0 0 
17 98.1291 -1.71832 871.345 1 0 0 0 1 0 0 0 1 
18 98.1291 -341.993 871.345 1 0 0 0 1 0 0 0 1 
20 98.1291 -669.181 871.345 0 0 0 0 0 0 0 0 0 
21 265.121 -14.2817 842.655 1 0 0 0 1 0 0 0 1 
22 265.121 -354.557 842.655 1 0 0 0 1 0 0 0 1 
24 265.121 -681.744 842.655 0 0 0 0 0 0 0 0 0 

1 188.626 543.589 725.731 0.981941 -0.0551668 0.180963 -0.0222087 0.916312 0.399848 -0.187877 -0.396647 0.89854 
2 199.339 365.651 802.755 0.981941 -0.0551668 0.180963 -0.0222087 0.916312 0.399848 -0.187877 -0.396647 0.89854 
3 191.224 192.687 833.852 0.982202 0.0461295 0.182077 -0.0768939 0.983172 0.165711 -0.171368 -0.176762 0.96922 
6 63.7968 376.262 826.404 0.102095 -0.934136 0.342004 0.78578 0.286557 0.548119 -0.610021 0.212779 0.763282 
7 41.0819 201.436 962.126 0.279396 -0.934136 0.222099 0.958063 0.286557 1.93007e-05 -0.063662 0.212779 0.975024 
9 -21.0802 -11.7209 976.29 0 0 0 0 0 0 0 0 0 
12 334.881 355.04 779.107 0.26639 0.958886 -0.0978519 -0.790665 0.275454 0.546785 0.551258 -0.0682898 0.831535 
13 394.149 179.127 901.755 0.165462 0.958886 0.230566 -0.73814 0.275454 -0.615852 -0.654042 -0.0682897 0.753369 
15 430.963 14.9 756.238 0 0 0 0 0 0 0 0 0 
17 100.661 26.1771 879.334 1 0 0 0 1 0 0 0 1 
18 100.661 -314.098 879.334 1 0 0 0 1 0 0 0 1 
20 100.661 -641.285 879.334 0 0 0 0 0 0 0 0 0 
21 265.556 13.268 850.564 1 0 0 0 1 0 0 0 1 
22 265.556 -327.007 850.564 1 0 0 0 1 0 0 0 1 
24 265.556 -654.195 850.564 0 0 0 0 0 0 0 0 0 

1 187.718 543.959 727.175 0.976762 -0.0455116 0.209437 -0.0446005 0.912639 0.406326 -0.209633 -0.406225 0.889402 
2 196.592 366.006 806.383 0.976762 -0.0455116 0.209437 -0.0446005 0.912639 0.406326 -0.209633 -0.406225 0.889402 
3 186.943 203.882 841.315 0.976397 0.0580832 0.208025 -0.0994239 0.975916 0.194173 -0.191737 -0.210273 0.958657 
6 63.0279 379.606 832.612 0.135598 -0.956336 0.258912 0.789932 0.262088 0.554362 -0.598014 0.129352 0.790978 
7 30.7342 191.478 975.033 0.278913 -0.956336 0.0873479 0.95065 0.262088 -0.166056 0.135912 0.129352 0.98224 
9 -56.8579 -107.073 932.35 0 0 0 0 0 0 0 0 0 
12 330.156 352.405 780.155 0.222433 0.962697 -0.154069 -0.802033 0.270532 0.532499 0.554316 0.00512258 0.832291 
13 379.645 173.963 903.483 0.205943 0.962697 0.175503 -0.720313 0.270532 -0.638718 -0.662372 0.00512257 0.749158 
15 425.465 13.7023 756.114 0 0 0 0 0 0 0 0 0 
17 92.1445 50.4285 892.967 0.981765 0.054719 0.182054 -0.0373736 0.994545 -0.09738 -0.186389 0.0888002 0.978455 
18 73.525 -287.99 862.751 0.96993 -0.15606 0.186763 0.0770652 0.924808 0.372547 -0.23086 -0.346952 0.909026 
20 124.586 -590.576 976.269 0 0 0 0 0 0 0 0 0 
21 262.443 33.0874 859.525 0.976871 -0.0264489 0.212187 0.0367386 0.998325 -0.0446979 -0.210649 0.0514595 0.976206 
22 273.014 -365.906 838.959 0.976227 0.0585559 0.20869 -0.0706308 0.996204 0.0508794 -0.204919 -0.0644098 0.976657 
24 252.677 -711.891 861.329 0 0 0 0 0 0 0 0 0 

1 185.111 539.452 735.594 0.977713 -0.0399106 0.206118 -0.0471845 0.914878 0.400964 -0.204576 -0.401754 0.892605 
2 192.65 366.645 811.479 0.977713 -0.0399106 0.206118 -0.0471845 0.914878 0.400964 -0.204576 -0.401754 0.892605 
3 183.139 211.376 850.07 0.977109 0.059338 0.204297 -0.105731 0.968764 0.224314 -0.184605 -0.24078 0.952862 
6 59.967 381.002 836.546 0.159667 -0.960471 0.22804 0.795657 0.261945 0.546181 -0.584325 0.0942343 0.80603 
7 19.7332 180.508 983.788 0.27314 -0.960471 0.0537592 0.952126 0.261945 -0.157607 0.137295 0.0942343 0.986037 
9 -69.9003 -131.941 938.733 0 0 0 0 0 0 0 0 0 
12 325.332 352.288 786.411 0.213646 0.955928 0.201387 -0.798693 0.0522138 0.599469 0.562535 -0.288921 0.774648 
13 376.822 159.8 921.984 -0.127094 0.955928 0.264667 -0.813491 0.0522138 -0.579229 -0.567521 -0.28892 0.771002 
15 329.499 -143.101 710.67 0 0 0 0 0 0 0 0 0 
17 87.9767 65.3761 904.843 0.983559 0.0404302 0.176004 -0.0210335 0.99363 -0.110708 -0.179359 0.105186 0.978144 
18 71.2113 -346.657 861.225 0.973536 -0.147789 0.174315 0.0743043 0.92601 0.370114 -0.216116 -0.347367 0.912485 
20 128.827 -707.665 996.647 0 0 0 0 0 0 0 0 0 
21 259.281 46.8395 872.478 0.977265 -0.0330168 0.209435 0.0449814 0.997601 -0.0526231 -0.207195 0.0608474 0.976406 
22 270.81 -301.506 851.232 0.977496 0.0560748 0.203363 -0.0731751 0.994299 0.077562 -0.197855 -0.0906977 0.976026 
24 251.983 -635.345 881.684 0 0 0 0 0 0 0 0 0 

1 182.943 535.33 742.58 0.979864 0.0369425 0.196216 -0.12529 0.878933 0.460195 -0.15546 -0.475513 0.865864 
2 175.811 365.651 834.377 0.979864 0.0369425 0.196216 -0.12529 0.878933 0.460195 -0.15546 -0.475513 0.865864 
3 172.2 208.065 866.665 0.981974 0.0224416 0.187678 -0.0592736 0.979403 0.193021 -0.179481 -0.200666 0.963078 
6 45.9891 373.488 858.106 0.143365 -0.961415 0.234793 0.83961 0.243751 0.485427 -0.523928 0.127542 0.842159 
7 9.23371 158.231 992.429 0.260955 -0.961415 0.087086 0.954802 0.243751 -0.170114 0.142323 0.127542 0.981569 
9 -76.9307 -157.034 945.435 0 0 0 0 0 0 0 0 0 
12 305.633 357.815 810.649 0.237473 0.952579 0.190262 -0.792849 0.0769049 0.604546 0.561246 -0.294412 0.773515 
13 365.555 157.756 952.268 -0.119381 0.952579 0.279895 -0.795514 0.0769048 -0.601036 -0.594059 -0.294412 0.748609 
15 319.325 -150.302 722.222 0 0 0 0 0 0 0 0 0 
17 84.4194 55.5599 914.336 0.984425 0.0311666 0.17302 -0.0108426 0.99305 -0.11719 -0.17547 0.113489 0.977921 
18 71.7342 -348.626 868.144 0.975585 -0.142478 0.167135 0.0724936 0.927266 0.367317 -0.207314 -0.346233 0.914956 
20 126.63 -705.893 1001.54 0 0 0 0 0 0 0 0 0 
21 252.759 45.3987 883.568 0.977807 -0.0528864 0.20272 0.0680929 0.995305 -0.0687829 -0.198131 0.0810602 0.976818 
22 271.464 -306.625 854.898 0.980319 0.0518954 0.190477 -0.0728814 0.991811 0.104876 -0.183475 -0.116695 0.976073 
24 253.816 -643.921 894.584 0 0 0 0 0 0 0 0 0 

1 187.396 513.059 750.7 0.983094 -0.100584 0.153002 -0.0076106 0.812435 0.583002 -0.182945 -0.57431 0.797934 
2 220.872 242.664 941.842 0.983094 -0.100584 0.153002 -0.0076106 0.812435 0.583002 -0.182945 -0.57431 0.797934 
3 184.368 105.945 932.302 0.961801 0.257382 0.0932396 -0.248843 0.963966 -0.0940566 -0.114088 0.0672617 0.991191 
6 104.052 272.889 955.699 0.448925 -0.87252 0.192808 0.418908 0.396093 0.817084 -0.789293 -0.286041 0.543321 
7 -14.9383 161.855 1164.91 0.197107 -0.87252 -0.447054 0.821066 0.396093 -0.411049 0.535724 -0.286041 0.794469 
9 -79.4405 -106.835 989.592 0 0 0 0 0 0 0 0 0 
12 337.693 212.44 927.985 0.113599 0.982964 0.144492 -0.875393 0.0302462 0.482465 0.469876 -0.181294 0.863915 
13 360.464 36.9682 1022.17 -0.124088 0.982964 0.13559 -0.61844 0.0302462 -0.78525 -0.775973 -0.181295 0.604151 
15 312.953 -199.818 725.069 0 0 0 0 0 0 0 0 0 
17 22.2455 1.72717 937.663 0.973671 -0.107172 0.201193 0.162199 0.945868 -0.281114 -0.160174 0.306346 0.938347 
18 51.0075 -252.119 855.448 0.973671 -0.202346 0.104977 0.162199 0.938546 0.304668 -0.160174 -0.279619 0.946656 
20 128.561 -611.837 962.618 0 0 0 0 0 0 0 0 0 
21 273.482 -63.2743 907.862 0.99626 -0.0543447 0.067177 0.0547583 0.99849 -0.0043305 -0.0668402 0.0079928 0.997732 
22 291.773 -399.35 905.171 0.994001 0.0857833 0.0678542 -0.084826 0.996253 -0.0168722 -0.0690473 0.0110152 0.997553 
24 263.233 -730.807 901.507 0 0 0 0 0 0 0 0 0 

1 207.462 354.91 820.383 0.981784 -0.0450908 0.184573 -0.124819 0.579343 0.80547 -0.14325 -0.813836 0.563161 
2 215.784 247.983 970.59 0.981784 -0.0450908 0.184573 -0.124819 0.579343 0.80547 -0.14325 -0.813836 0.563161 
3 183.403 105.343 947.936 0.972931 0.21877 0.0744539 -0.203465 0.963699 -0.172878 -0.109572 0.15305 0.982125 
6 92.8588 273.689 984.433 0.453338 -0.87636 0.162718 0.452454 0.383539 0.805098 -0.767965 -0.291359 0.570386 
7 -17.5985 163.448 1171.55 0.199245 -0.87636 -0.438513 0.839402 0.383539 -0.385101 0.505674 -0.291359 0.812037 
9 -82.8461 -111.434 1005.96 0 0 0 0 0 0 0 0 0 
12 338.709 222.276 956.746 0.0750671 0.991925 -0.102221 -0.957653 0.100287 0.269896 0.277968 0.0776318 0.957448 
13 353.541 33.0577 1011.67 0.122032 0.991925 0.034531 -0.588074 0.100287 -0.802565 -0.799548 0.0776318 0.595564 
15 387.343 -129.836 790.197 0 0 0 0 0 0 0 0 0 
17 22.6622 -10.4524 939.739 0.950631 -0.082635 0.299118 0.173815 0.940293 -0.292637 -0.257076 0.330182 0.908236 
18 44.7185 -261.429 851.609 0.950631 -0.245896 0.189302 0.173815 0.927263 0.331619 -0.257076 -0.282344 0.924226 
20 136.195 -606.382 956.645 0 0 0 0 0 0 0 0 0 
21 279.383 -64.1392 910.827 0.996572 -0.07643 0.0316701 0.0740788 0.994811 0.0697355 -0.0368356 -0.0671503 0.997063 
22 302.659 -367.098 931.277 0.992776 0.110386 0.0470146 -0.102821 0.984691 -0.140755 -0.0618321 0.134904 0.988928 
24 267.142 -683.924 887.872 0 0 0 0 0 0 0 0 0 

1 187.923 391.366 827.304 0.993573 -0.0877235 0.0715299 0.00459085 0.662658 0.748908 -0.113096 -0.743767 0.658802 
2 204.805 263.84 970.44 0.993573 -0.0877235 0.0715299 0.00459085 0.662658 0.748908 -0.113096 -0.743767 0.658802 
3 175.362 113.827 956.904 0.981259 0.191844 0.0180593 -0.189382 0.977455 -0.0933623 -0.0355631 0.0881925 0.995468 
6 76.7081 288.562 975.082 0.432874 -0.900486 0.0417696 0.616878 0.329691 0.714678 -0.657329 -0.283599 0.698205 
7 -20.9797 149.35 1123.42 0.205287 -0.900486 -0.383382 0.897148 0.329691 -0.293987 0.391129 -0.283599 0.875551 
9 -83.7675 -125.046 1003.8 0 0 0 0 0 0 0 0 0 
12 332.902 239.117 965.797 -0.0441412 0.99681 0.0664963 -0.974467 -0.0576283 0.21701 0.22015 -0.0552194 0.973902 
13 323.507 31.7155 1012.65 -0.0796888 0.99681 0.00446085 -0.757276 -0.0576283 -0.650547 -0.648215 -0.0552194 0.759453 
15 297.046 -219.74 797.412 0 0 0 0 0 0 0 0 0 
17 28.5369 -13.5309 947.623 0.969153 -0.0578123 0.239582 0.0864829 0.990058 -0.110934 -0.230787 0.128231 0.964518 
18 43.7502 -274.065 913.879 0.944528 -0.257168 0.204283 0.205833 0.948199 0.241975 -0.25593 -0.186504 0.948534 
20 132.931 -602.882 978.555 0 0 0 0 0 0 0 0 0 
21 263.302 -58.8403 939.115 -0.801384 -0.452195 -0.391538 -0.0486569 0.701695 -0.710814 0.596167 -0.550584 -0.58433 
22 388.668 -253.377 1091.76 -0.801385 0.229192 -0.552498 -0.0486569 0.895639 0.442112 0.596167 0.381185 -0.706599 
24 283.815 -663.122 917.371 0 0 0 0 0 0 0 0 0 

1 183.275 399.32 833.515 0.996053 -0.0620101 0.0635003 -0.00566062 0.669613 0.742689 -0.0885747 -0.740117 0.666619 
2 194.874 274.075 971.947 0.996053 -0.0620101 0.0635003 -0.00566062 0.669613 0.742689 -0.0885747 -0.740117 0.666619 
3 169.25 119.418 962.779 0.986493 0.163174 0.014326 -0.162011 0.984869 -0.0615329 -0.0241497 0.0583808 0.998002 
6 63.4505 295.659 975.164 0.394165 -0.918414 -0.0339129 0.714303 0.282929 0.640095 -0.578278 -0.276527 0.767546 
7 -23.5463 138.004 1102.8 0.194045 -0.918414 -0.344764 0.931269 0.282929 -0.229541 0.308358 -0.276527 0.910191 
9 -81.0478 -137.96 1011.42 0 0 0 0 0 0 0 0 0 
12 326.297 252.492 968.73 -0.0202111 0.998345 0.053835 -0.969809 -0.0326652 0.241669 0.243027 -0.0473253 0.968864 
13 321.776 35.5683 1023.09 0.41598 0.907998 0.0499966 -0.907524 0.411001 0.0864794 0.0579745 -0.0813469 0.994998 
15 443.86 -230.775 1040.1 0 0 0 0 0 0 0 0 0 
17 33.0084 -17.0727 956.319 0.970259 -0.0418247 0.238427 0.0683319 0.992226 -0.104016 -0.232223 0.117215 0.965574 
18 44.1247 -280.79 925.166 0.946711 -0.247469 0.206149 0.188165 0.944414 0.269585 -0.261404 -0.216429 0.940652 
20 128.144 -601.433 998.647 0 0 0 0 0 0 0 0 0 
21 254.244 -53.4062 950.904 -0.991787 0.00311102 0.127863 -0.0359626 0.952589 -0.302126 -0.122741 -0.304243 -0.944654 
22 253.323 -335.598 1041.03 -0.991787 -0.0721285 0.105623 -0.0359626 0.949763 0.310897 -0.122741 0.304545 -0.944556 
24 277.667 -656.155 938.244 0 0 0 0 0 0 0 0 0 

1 180.243 404.934 838.491 0.99827 -0.0126079 0.0574246 -0.0309799 0.717327 0.696048 -0.0499677 -0.696623 0.715695 
2 182.626 269.36 970.151 0.99827 -0.0126079 0.0574246 -0.0309799 0.717327 0.696048 -0.0499677 -0.696623 0.715695 
3 163.467 114.181 968.141 0.992396 0.12252 0.0117518 -0.122347 0.992383 -0.0144056 -0.0134272 0.0128583 0.999827 
6 44.5149 286.387 972.02 0.347071 -0.936209 -0.0552712 0.734095 0.234521 0.637263 -0.583649 -0.26175 0.768662 
7 -30.9868 126.692 1098.99 0.169041 -0.936209 -0.308121 0.953463 0.234521 -0.189492 0.249665 -0.26175 0.932284 
9 -80.6362 -153.351 1025.66 0 0 0 0 0 0 0 0 0 
12 320.736 252.333 968.283 0.0373388 0.998546 0.0388782 -0.955969 0.02436 0.292456 0.291083 -0.0480863 0.955488 
13 329.575 26.0382 1037.19 0.362936 0.93066 0.0463682 -0.930705 0.359627 0.0667619 0.0454574 -0.0673854 0.996691 
15 447.847 -277.256 1052 0 0 0 0 0 0 0 0 0 
17 42.5046 -28.4477 967.507 0.970502 -0.00309981 0.241075 0.0355029 0.990854 -0.130184 -0.238466 0.134903 0.961735 
18 43.3141 -287.196 932.279 0.946289 -0.23921 0.21752 0.169101 0.939587 0.297625 -0.275574 -0.244857 0.929572 
20 123.574 -602.449 1014.43 0 0 0 0 0 0 0 0 0 
21 246.113 -53.5495 964.753 -0.989431 -0.0304115 0.141778 -0.0653069 0.966439 -0.248457 -0.129464 -0.255091 -0.958211 
22 254.84 -330.903 1037.96 -0.990822 -0.0776052 0.110673 -0.049554 0.970307 0.236748 -0.12576 0.229091 -0.965247 
24 279.917 -644.441 963.933 0 0 0 0 0 0 0 0 0 

1 177.471 410.093 843.91 0.998564 0.00334625 0.0534709 -0.0388146 0.733132 0.678978 -0.0369291 -0.680079 0.732209 
2 176.832 269.979 973.884 0.998564 0.00334625 0.0534709 -0.0388146 0.733132 0.678978 -0.0369291 -0.680079 0.732209 
3 161.691 109.622 977.731 0.995438 0.0939741 0.0165029 -0.0943317 0.995288 0.0224213 -0.014318 -0.0238758 0.999612 
6 38.5227 283.085 975.874 0.308979 -0.946879 -0.0891782 0.766912 0.192598 0.61217 -0.562475 -0.25754 0.785681 
7 -31.1141 110.241 1102.64 0.134737 -0.946879 -0.292005 0.964742 0.192598 -0.179385 0.226096 -0.25754 0.939443 
9 -61.4805 -107.189 1051.69 0 0 0 0 0 0 0 0 0 
12 315.141 256.872 971.895 0.129002 0.991343 0.0244342 -0.899324 0.106575 0.424097 0.417822 -0.0766837 0.905287 
13 344.215 54.185 1066.06 0.295171 0.952245 0.0781293 -0.954902 0.296771 -0.009451 -0.0321861 -0.0718162 0.996898 
15 410.74 -161.028 1058.81 0 0 0 0 0 0 0 0 0 
17 52.9585 -41.8663 982.924 1 0 0 0 1 0 0 0 1 
18 52.9585 -386.56 982.924 1 0 0 0 1 0 0 0 1 
20 52.9585 -717.997 982.924 0 0 0 0 0 0 0 0 0 
21 240.142 -59.6046 980.232 1 0 0 0 1 0 0 0 1 
22 240.142 -404.299 980.232 1 0 0 0 1 0 0 0 1 
24 240.142 -735.735 980.232 0 0 0 0 0 0 0 0 0 

1 174.957 414.974 849.691 0.996962 0.0179105 0.0757986 -0.0640003 0.743008 0.666216 -0.0443866 -0.669043 0.741897 
2 171.401 267.424 982.552 0.996962 0.0179105 0.0757986 -0.0640003 0.743008 0.666216 -0.0443866 -0.669043 0.741897 
3 159.413 104.486 991.129 0.996365 0.073272 0.0434518 -0.0753916 0.995933 0.0493293 -0.0396605 -0.0524259 0.997837 
6 34.7871 277.761 987.99 0.284316 -0.956955 -0.058329 0.769233 0.191384 0.609634 -0.572228 -0.218198 0.790534 
7 -29.6993 103.29 1117.78 0.15271 -0.956954 -0.246815 0.971327 0.191384 -0.141055 0.18222 -0.218198 0.958742 
9 -76.407 -193.798 1062.04 0 0 0 0 0 0 0 0 0 
12 308.014 257.087 977.114 0.188875 0.964602 -0.184035 -0.857194 0.253383 0.448348 0.479109 0.0730718 0.874709 
13 355.526 41.4569 1097.64 0.257702 0.964602 -0.0559638 -0.964525 0.253383 -0.0740908 -0.0572879 0.0730718 0.99568 
15 443.381 -287.366 1078.11 0 0 0 0 0 0 0 0 0 
17 59.9082 -51.8298 1003.19 0.959896 0.0481623 0.276189 -0.00145146 0.985974 -0.166891 -0.280353 0.159797 0.946503 
18 43.2486 -392.884 947.915 0.937089 -0.223952 0.267786 0.139507 0.943427 0.300805 -0.320002 -0.244523 0.915318 
20 117.735 -706.669 1029.24 0 0 0 0 0 0 0 0 0 
21 234.943 -65.0741 996.222 -0.99178 -0.061522 0.112196 -0.0775059 0.986511 -0.144181 -0.101812 -0.151692 -0.98317 
22 251.581 -331.877 1037.25 -0.992141 -0.0826069 0.0939795 -0.0732737 0.992409 0.0987655 -0.101425 0.0911031 -0.990663 
24 277.23 -640.014 1008.96 0 0 0 0 0 0 0 0 0 

1 173.217 419.576 858.592 0.996658 0.0290038 0.0763648 -0.0720274 0.753015 0.65405 -0.0385338 -0.657364 0.752587 
2 167.162 262.393 995.81 0.996658 0.0290038 0.0763648 -0.0720274 0.753015 0.65405 -0.0385338 -0.657364 0.752587 
3 157.489 96.4757 1007.33 0.9972 0.0580652 0.0471109 -0.0611291 0.995916 0.066435 -0.0430609 -0.0691289 0.996678 
6 33.1659 270.607 1001.6 0.267868 -0.961489 -0.0615275 0.774754 0.177002 0.606981 -0.572715 -0.210259 0.792331 
7 -31.679 83.0562 1140.24 0.139315 -0.961489 -0.236919 0.973322 0.177002 -0.145991 0.182304 -0.210259 0.960498 
9 -73.646 -210.147 1085.32 0 0 0 0 0 0 0 0 0 
12 301.159 254.179 990.024 0.224149 0.969854 -0.0956036 -0.829003 0.241327 0.504496 0.512359 -0.0338267 0.858105 
13 358.285 42.9015 1120.6 0.236275 0.969854 0.0596391 -0.965229 0.241327 -0.10047 -0.111834 -0.0338267 0.993151 
15 443.151 -303.791 1080.43 0 0 0 0 0 0 0 0 0 
17 63.1233 -64.2495 1022.5 0.958311 0.04897 0.281499 0.0023111 0.983843 -0.179019 -0.285717 0.172206 0.942714 
18 46.0054 -408.16 962.304 0.938372 -0.212202 0.272816 0.130177 0.9482 0.289776 -0.320175 -0.236403 0.917389 
20 117.329 -726.863 1041.76 0 0 0 0 0 0 0 0 0 
21 232.507 -74.6329 1015.19 -0.992387 -0.0662966 0.10379 -0.0740677 0.994585 -0.0728994 -0.0983955 -0.0800319 -0.991924 
22 251.487 -359.364 1038.1 -0.991143 -0.0920206 0.095745 -0.0886856 0.995314 0.0385324 -0.0988422 0.0297 -0.99466 
24 277.792 -643.883 1029.61 0 0 0 0 0 0 0 0 0 

1 172.403 423.837 869.641 0.998277 0.054978 0.0204715 -0.0539559 0.723433 0.688283 0.0230308 -0.688202 0.725153 
2 160.429 266.278 1019.53 0.998277 0.054978 0.0204715 -0.0539559 0.723433 0.688283 0.0230308 -0.688202 0.725153 
3 154.827 100.956 1034.77 0.999378 0.0337238 -0.0102947 -0.0326336 0.995208 0.0921734 0.0133539 -0.0917801 0.99569 
6 26.6279 270.647 1017.74 0.240287 -0.96795 -0.0730433 0.788422 0.150716 0.596385 -0.566262 -0.200893 0.799368 
7 -31.1923 80.9294 1154 0.129118 -0.96795 -0.21541 0.984743 0.150716 -0.0869834 0.116661 -0.200893 0.972642 
9 -70.3787 -217.932 1118.59 0 0 0 0 0 0 0 0 0 
12 294.23 261.909 1021.32 0.247986 0.964221 -0.0937033 -0.848818 0.262881 0.458696 0.466917 -0.0342129 0.883639 
13 357.473 45.4374 1140.39 0.258617 0.964221 0.05826 -0.961144 0.262881 -0.0842301 -0.0965319 -0.0342129 0.994742 
15 441.637 -267.358 1108.98 0 0 0 0 0 0 0 0 0 
17 63.1428 -61.5556 1048.87 0.971915 0.0401632 0.231877 0.0100385 0.977356 -0.211363 -0.235116 0.207755 0.949504 
18 48.9803 -406.196 975.61 0.954164 -0.199412 0.223172 0.133877 0.95131 0.277643 -0.267671 -0.235039 0.934403 
20 116.593 -728.749 1055.3 0 0 0 0 0 0 0 0 0 
21 235.306 -67.1774 1051.17 -0.987027 -0.0496189 0.152693 -0.0468137 0.998663 0.0219145 -0.153576 0.0144821 -0.988031 
22 250.232 -367.575 1046.81 -0.984145 -0.0877644 0.15413 -0.0901346 0.995894 -0.00844357 -0.152756 -0.0222021 -0.988015 
24 275.109 -649.873 1053.11 0 0 0 0 0 0 0 0 0 

1 172.601 429.324 882.391 0.99762 0.0594087 0.0349975 -0.0659284 0.673251 0.736469 0.0201907 -0.737024 0.675565 
2 158.995 275.13 1051.19 0.99762 0.0594087 0.0349975 -0.0659284 0.673251 0.736469 0.0201907 -0.737024 0.675565 
3 154.445 106.962 1064.74 0.999636 0.0269536 0.00105672 -0.0269515 0.996407 0.0802851 0.00111115 -0.0802843 0.996771 
6 27.3183 278.68 1051.04 0.2334 -0.967731 -0.0949794 0.820552 0.143605 0.553238 -0.521746 -0.207061 0.827591 
7 -27.7106 85.2184 1174.06 0.135699 -0.967731 -0.212326 0.989386 0.143605 -0.0221924 0.0519674 -0.207061 0.976947 
9 -70.5352 -227.017 1157.66 0 0 0 0 0 0 0 0 0 
12 290.671 271.58 1051.34 0.253836 0.958056 -0.133026 -0.862497 0.286444 0.417191 0.437797 0.00883651 0.89903 
13 353.068 59.5629 1158.96 0.285896 0.958056 0.0197966 -0.953183 0.286444 -0.0969104 -0.0985162 0.00883652 0.995096 
15 443.341 -241.41 1127.85 0 0 0 0 0 0 0 0 0 
17 62.5238 -58.8515 1078.19 0.908113 0.0302602 0.41763 0.0794375 0.966822 -0.242786 -0.41112 0.253652 0.87558 
18 51.7651 -402.594 988.01 0.908113 -0.18716 0.374568 0.0794375 0.955306 0.284746 -0.41112 -0.228827 0.882393 
20 115.748 -729.178 1066.24 0 0 0 0 0 0 0 0 0 
21 237.269 -63.5629 1078.39 -0.987343 -0.0624323 0.145798 -0.0704873 0.996221 -0.0507471 -0.142078 -0.0603816 -0.988012 
22 257.551 -387.204 1098 -0.988669 -0.0607973 0.137248 -0.0516556 0.996263 0.0692168 -0.140944 0.0613428 -0.988115 
24 274.071 -657.907 1081.34 0 0 0 0 0 0 0 0 0 

1 172.271 432.018 899.878 0.99848 0.0412364 0.0365661 -0.0548446 0.677944 0.733065 0.00543934 -0.733956 0.679175 
2 161.962 262.544 1083.35 0.99848 0.0412364 0.0365661 -0.0548446 0.677944 0.733065 0.00543934 -0.733956 0.679175 
3 156.18 91.796 1100.46 0.999399 0.0336792 0.00818175 -0.0343265 0.994453 0.0994197 -0.0047879 -0.0996408 0.995012 
6 31.1099 267.038 1083.98 0.239104 -0.969056 -0.0613088 0.808678 0.163788 0.56499 -0.537466 -0.184671 0.822817 
7 -25.9484 74.0604 1212.24 0.155653 -0.969056 -0.191577 0.986118 0.163788 -0.0272842 0.0578178 -0.184671 0.981098 
9 -76.201 -244.308 1193.57 0 0 0 0 0 0 0 0 0 
12 292.815 258.049 1082.73 0.2747 0.957595 -0.0869019 -0.841369 0.283137 0.46036 0.465444 -0.0533446 0.883468 
13 357.835 58.9032 1192.9 0.266894 0.957595 0.108535 -0.941462 0.283137 -0.182983 -0.205954 -0.0533446 0.977107 
15 444.818 -247.929 1125.77 0 0 0 0 0 0 0 0 0 
17 63.1821 -75.9561 1117.99 0.931975 0.0255416 0.361621 0.0920625 0.948139 -0.304233 -0.350637 0.316829 0.88129 
18 54.0723 -414.127 1004.99 0.931975 -0.178211 0.315694 0.0920625 0.958627 0.269367 -0.350637 -0.22198 0.909823 
20 115.19 -742.888 1081.11 0 0 0 0 0 0 0 0 0 
21 237.612 -81.9472 1117.15 -0.989189 -0.0495637 0.138014 -0.0573886 0.996928 -0.0533038 -0.134949 -0.060648 -0.988995 
22 255.29 -437.52 1138.78 -0.989861 -0.0649765 0.126308 -0.047859 0.989809 0.134121 -0.133735 0.126716 -0.982882 
24 277.573 -776.974 1095.33 0 0 0 0 0 0 0 0 0 

1 171.905 433.777 915.632 0.998605 0.0338228 0.0405392 -0.0526785 0.689493 0.722374 -0.00351872 -0.723502 0.690314 
2 163.236 257.057 1101.07 0.998605 0.0338228 0.0405392 -0.0526785 0.689493 0.722374 -0.00351872 -0.723502 0.690314 
3 157.609 86.2341 1120.16 0.999331 0.0327165 0.0163455 -0.0343262 0.993281 0.110517 -0.0126199 -0.111004 0.99374 
6 31.2085 261.592 1102.74 0.233895 -0.971822 -0.029258 0.794802 0.173785 0.581453 -0.559984 -0.159253 0.813053 
7 -25.2137 69.8623 1237.82 0.165724 -0.971822 -0.167626 0.984178 0.173785 -0.0345192 0.0626773 -0.159253 0.985246 
9 -80.371 -257.699 1216.96 0 0 0 0 0 0 0 0 0 
12 295.264 252.522 1099.4 0.279745 0.959301 -0.0385273 -0.830483 0.261925 0.491623 0.481705 -0.105533 0.869956 
13 360.584 58.603 1211.88 0.219519 0.959301 0.177631 -0.926785 0.261925 -0.269194 -0.304764 -0.105533 0.946563 
15 446.931 -305.941 1092 0 0 0 0 0 0 0 0 0 
17 64.2588 -81.5751 1140.36 0.939104 0.0235185 0.342828 0.0883738 0.94757 -0.307086 -0.332076 0.318682 0.887788 
18 55.8544 -420.193 1026.48 0.939104 -0.170846 0.298154 0.0883738 0.958542 0.270903 -0.332076 -0.228057 0.915268 
20 114.559 -749.557 1104.84 0 0 0 0 0 0 0 0 0 
21 239.707 -87.6016 1138.14 -0.990556 -0.0450017 0.129511 -0.0526707 0.997017 -0.056411 -0.126586 -0.0626997 -0.989972 
22 253.763 -399.01 1157.73 -0.991387 -0.0560967 0.118339 -0.039547 0.989666 0.13783 -0.124848 0.131963 -0.983361 
24 269.442 -675.623 1120.84 0 0 0 0 0 0 0 0 0 

1 165.214 417.003 1059.44 0.993718 0.0126032 0.111194 -0.0535712 0.925959 0.373805 -0.0982495 -0.377413 0.920818 
2 162.903 247.246 1128.63 0.993718 0.0126032 0.111194 -0.0535712 0.925959 0.373805 -0.0982495 -0.377413 0.920818 
3 157.362 77.3755 1149.29 0.993927 0.0323683 0.105165 -0.0446562 0.992166 0.116677 -0.100564 -0.120665 0.987586 
6 29.5713 253.237 1142.12 0.222938 -0.97399 0.0405199 0.790702 0.204984 0.576864 -0.570166 -0.0965659 0.815834 
7 -24.1488 62.7059 1279.51 0.192094 -0.97399 -0.12018 0.973004 0.204984 -0.10604 0.127917 -0.0965659 0.987073 
9 -80.8911 -224.708 1241.72 0 0 0 0 0 0 0 0 0 
12 296.236 241.256 1115.14 0.298792 0.95197 -0.0669019 -0.82784 0.293432 0.478098 0.474767 -0.087468 0.875754 
13 363.937 53.6798 1222.71 0.28531 0.95197 0.111136 -0.953771 0.293432 -0.064947 -0.0944383 -0.087468 0.991681 
15 434.534 -182.319 1199.34 0 0 0 0 0 0 0 0 0 
17 63.1224 -88.5103 1178.92 0.947484 0.0217859 0.319059 0.0964808 0.931719 -0.35013 -0.304902 0.362526 0.880687 
18 55.3144 -422.438 1048.99 0.947484 -0.170553 0.270528 0.0964808 0.958951 0.266655 -0.304902 -0.226551 0.925046 
20 114.089 -752.906 1127.06 0 0 0 0 0 0 0 0 0 
21 240.517 -96.4804 1160.97 -0.999126 0.00504755 0.0414806 0.00118552 0.995702 -0.0926066 -0.0417698 -0.0924765 -0.994838 
22 238.708 -453.339 1194.12 -0.99401 -0.101168 0.0413402 -0.0925393 0.980372 0.174089 -0.0581409 0.16922 -0.983862 
24 273.572 -791.19 1135.8 0 0 0 0 0 0 0 0 0 

1 166.248 410.519 1065.09 0.996039 0.0115873 0.0881595 -0.048558 0.90146 0.430131 -0.0744881 -0.432708 0.898452 
2 163.802 220.225 1156.43 0.996039 0.0115873 0.0881595 -0.048558 0.90146 0.430131 -0.0744881 -0.432708 0.898452 
3 154.906 49.3275 1176.27 0.995654 0.051639 0.077502 -0.0600876 0.992006 0.110967 -0.0711522 -0.115142 0.990798 
6 27.7148 228.438 1166.15 0.205101 -0.976572 0.0651157 0.830335 0.208838 0.516653 -0.518148 -0.0518985 0.853715 
7 -20.7817 32.1039 1288.67 0.20453 -0.976572 -0.0668898 0.975763 0.208838 -0.0653695 0.0778071 -0.0518986 0.995617 
9 -84.6054 -272.384 1264.39 0 0 0 0 0 0 0 0 0 
12 299.89 212.012 1146.7 0.307331 0.951592 -0.00441372 -0.8356 0.272083 0.477225 0.455324 -0.142978 0.87877 
13 367.917 27.054 1247.49 0.188915 0.951592 0.242452 -0.884683 0.272083 -0.378558 -0.4262 -0.142978 0.893258 
15 444.852 -333.233 1073.92 0 0 0 0 0 0 0 0 0 
17 56.3012 -116.156 1202.51 0.970943 -0.0124128 0.238987 0.101134 0.926375 -0.362769 -0.216888 0.376398 0.900713 
18 60.7552 -448.561 1067.45 0.970943 -0.148139 0.187946 0.101134 0.965796 0.238769 -0.216888 -0.212824 0.952715 
20 111.866 -781.782 1140.88 0 0 0 0 0 0 0 0 0 
21 235.719 -126.984 1189.69 -0.997576 -0.000493625 0.069578 -0.00719112 0.995351 -0.0960413 -0.0692072 -0.0963089 -0.992943 
22 235.896 -484.139 1224.25 -0.993432 -0.0934255 0.0660656 -0.0773174 0.9737 0.214315 -0.0843505 0.207799 -0.974528 
24 268.13 -820.088 1152.55 0 0 0 0 0 0 0 0 0 

1 196.569 374.329 1105.47 0.983645 0.153914 0.0935517 -0.180115 0.839054 0.513369 0.000520051 -0.521823 0.853054 
2 168.204 219.702 1201.63 0.983645 0.153914 0.0935517 -0.180115 0.839054 0.513369 0.000520051 -0.521823 0.853054 
3 155.543 42.0867 1219.88 0.996579 0.0707322 0.0427319 -0.0746752 0.992273 0.0990843 -0.0353932 -0.101936 0.994161 
6 27.3015 230.26 1206.64 0.229822 -0.972921 0.0246198 0.837202 0.210535 0.504745 -0.496261 -0.09539 0.862917 
7 -28.9619 25.3022 1328.13 0.202941 -0.972921 -0.110631 0.97563 0.210535 -0.0618151 0.0834329 -0.09539 0.991937 
9 -95.4586 -294.377 1300.79 0 0 0 0 0 0 0 0 0 
12 309.107 209.144 1196.63 0.279014 0.960281 0.0032618 -0.903882 0.261477 0.338567 0.324267 -0.0974133 0.940937 
13 372.797 2.81519 1270.65 0.179326 0.960281 0.213779 -0.845783 0.261477 -0.46506 -0.502487 -0.0974133 0.859079 
15 439.308 -310.882 1084.28 0 0 0 0 0 0 0 0 0 
17 44.993 -128.193 1241.6 0.987724 -0.0627697 0.14304 0.118689 0.896911 -0.425985 -0.101556 0.437733 0.893351 
18 62.092 -372.52 1122.36 0.987724 -0.136977 0.0750849 0.118689 0.970609 0.209359 -0.101556 -0.197877 0.974952 
20 108.188 -699.152 1188.95 0 0 0 0 0 0 0 0 0 
21 240.771 -142.863 1234.65 -0.0406733 -0.950041 -0.309465 -0.0848259 0.311887 -0.946325 0.995565 -0.0122395 -0.0932734 
22 477.595 -220.61 1237.7 -0.0406732 0.390373 -0.919758 -0.0848258 0.915847 0.392464 0.995565 0.093982 -0.00413676 
24 277.414 -690.252 1189.51 0 0 0 0 0 0 0 0 0 

1 177.645 378.802 1129.58 0.993769 0.0639568 0.091283 -0.101305 0.859823 0.500442 -0.0464804 -0.506571 0.860945 
2 164.869 207.055 1230.76 0.993769 0.0639568 0.091283 -0.101305 0.859823 0.500442 -0.0464804 -0.506571 0.860945 
3 150.928 26.5147 1247.27 0.995258 0.0766744 0.0598492 -0.0816846 0.992913 0.0863201 -0.0528065 -0.0907996 0.994468 
6 23.1843 218.684 1238.28 0.244032 -0.969766 -0.00118593 0.841191 0.211068 0.497843 -0.482541 -0.122487 0.867266 
7 -33.3786 23.7085 1350.13 0.201391 -0.969766 -0.137821 0.97566 0.211068 -0.0594844 0.0867757 -0.122487 0.988669 
9 -98.2439 -290.539 1322.18 0 0 0 0 0 0 0 0 0 
12 306.555 195.427 1223.24 0.230451 0.969792 -0.0799762 -0.926506 0.243801 0.286615 0.297455 0.00804779 0.954702 
13 362.07 -27.7666 1294.9 0.208366 0.969792 0.126836 -0.810781 0.243801 -0.532161 -0.547008 0.00804777 0.837088 
15 435.135 -312.076 1103.09 0 0 0 0 0 0 0 0 0 
17 40.6896 -146.123 1268.89 0.989694 -0.0749784 0.121999 0.120457 0.896592 -0.426161 -0.07743 0.436465 0.896383 
18 60.9897 -388.871 1150.72 0.989694 -0.133655 0.0513992 0.120457 0.971139 0.205861 -0.07743 -0.197548 0.97723 
20 105.854 -714.858 1217.03 0 0 0 0 0 0 0 0 0 
21 233.283 -161.929 1258.67 -0.00777368 -0.978588 -0.20568 -0.101351 0.205398 -0.973417 0.99482 0.0132788 -0.100777 
22 467.441 -211.077 1255.5 -0.00777368 0.355327 -0.93471 -0.101351 0.929645 0.354244 0.99482 0.0974872 0.0287858 
24 287.967 -680.637 1206.25 0 0 0 0 0 0 0 0 0 

1 165.295 380.527 1146.82 0.990071 0.0523427 0.130459 -0.113583 0.844669 0.523099 -0.0828144 -0.532723 0.842228 
2 153.952 197.485 1262.26 0.990071 0.0523427 0.130459 -0.113583 0.844669 0.523099 -0.0828144 -0.532723 0.842228 
3 143.424 18.3555 1273.46 0.993025 0.0585619 0.102324 -0.0645343 0.996339 0.0560627 -0.0986667 -0.0622751 0.99317 
6 10.2232 206.826 1276.54 0.240063 -0.970587 -0.0181822 0.846528 0.200138 0.49329 -0.475142 -0.133812 0.869675 
7 -47.8415 2.07397 1391.46 0.176422 -0.970587 -0.163818 0.969463 0.200138 -0.141723 0.170341 -0.133812 0.976257 
9 -101.286 -291.613 1339.86 0 0 0 0 0 0 0 0 0 
12 297.681 188.144 1247.98 0.267379 0.963562 -0.00752295 -0.892672 0.250632 0.374592 0.362829 -0.0934425 0.927159 
13 364.126 -33.6888 1338.14 0.157417 0.963562 0.216259 -0.813774 0.250632 -0.524362 -0.559457 -0.0934425 0.823575 
15 416.347 -303.646 1152.55 0 0 0 0 0 0 0 0 0 
17 36.853 -154.532 1294.19 0.990086 -0.0847676 0.112002 0.124177 0.90091 -0.415862 -0.0656523 0.425647 0.902504 
18 67.1733 -476.777 1141.95 0.990086 -0.134459 0.040631 0.124177 0.973065 0.194228 -0.0656523 -0.187257 0.980115 
20 113.418 -811.443 1206.35 0 0 0 0 0 0 0 0 0 
21 228.937 -167.016 1275.11 -0.771125 -0.286164 -0.56875 -0.133666 0.946156 -0.294826 0.622495 -0.151325 -0.767855 
22 331.294 -505.444 1329.24 -0.771125 0.0628145 -0.633578 -0.133666 0.956972 0.257561 0.622495 0.283299 -0.729549 
24 309.69 -834.575 1231.8 0 0 0 0 0 0 0 0 0 

1 159.846 380.569 1154.76 0.981349 0.0422789 0.187528 -0.145616 0.800351 0.581579 -0.125499 -0.598039 0.791581 
2 149.439 183.562 1301.97 0.981349 0.0422789 0.187528 -0.145616 0.800351 0.581579 -0.125499 -0.598039 0.791581 
3 139.958 9.69148 1303.18 0.986228 0.0544473 0.156169 -0.0548712 0.998492 -0.00159915 -0.156021 -0.00699206 0.987729 
6 9.12511 191.369 1324.16 0.290147 -0.951735 -0.100077 0.850906 0.208717 0.482074 -0.437919 -0.225028 0.870396 
7 -58.4622 -6.84209 1426.17 0.156861 -0.951735 -0.26381 0.960969 0.208717 -0.18159 0.227888 -0.225028 0.947327 
9 -107.156 -305.155 1355.43 0 0 0 0 0 0 0 0 0 
12 289.753 175.756 1279.77 0.270535 0.962676 0.00808334 -0.889774 0.246824 0.383902 0.367578 -0.111051 0.923338 
13 354.124 -35.9557 1367.23 0.150744 0.962676 0.22479 -0.829735 0.246824 -0.500618 -0.537417 -0.111051 0.835973 
15 401.331 -295.799 1198.93 0 0 0 0 0 0 0 0 0 
17 37.0494 -158.981 1319.18 0.987634 -0.0701963 0.140185 0.119917 0.914226 -0.387055 -0.100991 0.399079 0.911338 
18 62.0645 -484.773 1176.97 0.987634 -0.136319 0.0774366 0.119917 0.975017 0.186979 -0.100991 -0.17538 0.979307 
20 108.775 -818.865 1237.06 0 0 0 0 0 0 0 0 0 
21 223.904 -169.378 1289.62 -0.738443 -0.24113 -0.629729 -0.164053 0.970062 -0.179073 0.654056 -0.0289257 -0.755893 
22 309.833 -515.067 1299.93 -0.738525 0.0227872 -0.673841 -0.100194 0.984622 0.143109 0.66674 0.173205 -0.724885 
24 302.025 -852.45 1240.58 0 0 0 0 0 0 0 0 0 

1 155.068 381.013 1161.37 0.959202 0.041602 0.279642 -0.212253 0.759357 0.615082 -0.18676 -0.649343 0.737207 
2 144.287 184.233 1329.64 0.959202 0.041602 0.279642 -0.212253 0.759357 0.615082 -0.18676 -0.649343 0.737207 
3 136.852 9.00205 1330.85 0.967298 0.0423926 0.250075 -0.042776 0.999077 -0.0039045 -0.25001 -0.00692041 0.968219 
6 2.27464 190.513 1366.34 0.278707 -0.948949 -0.147708 0.908841 0.210907 0.359898 -0.310372 -0.234549 0.921225 
7 -63.8682 -25.1735 1440 0.166372 -0.948949 -0.267984 0.966411 0.210907 -0.146863 0.195885 -0.234549 0.952164 
9 -126.021 -386.203 1366.82 0 0 0 0 0 0 0 0 0 
12 286.299 177.953 1292.93 0.261302 0.963665 0.055417 -0.896031 0.220812 0.385188 0.358956 -0.150306 0.921173 
13 348.229 -34.4106 1378.01 0.131881 0.963665 0.232287 -0.882649 0.220812 -0.414937 -0.451152 -0.150306 0.879699 
15 388.188 -301.849 1241.31 0 0 0 0 0 0 0 0 0 
17 36.2568 -162.109 1356.14 0.9568 -0.249383 0.149469 0.229789 0.963585 0.136751 -0.178129 -0.0964975 0.979264 
18 115.423 -467.999 1386.78 0.96876 0.0556371 0.241678 0.0168552 0.957485 -0.287988 -0.247426 0.283065 0.926636 
20 97.5301 -775.933 1295.74 0 0 0 0 0 0 0 0 0 
21 222.576 -170.349 1307.99 -0.685011 -0.237577 -0.688707 -0.118198 0.969052 -0.216721 0.71888 -0.0670524 -0.691893 
22 307.334 -516.07 1331.91 -0.685164 0.0359055 -0.727503 -0.122231 0.978953 0.163433 0.718059 0.200902 -0.666355 
24 295.017 -851.891 1262.99 0 0 0 0 0 0 0 0 0 

1 150.749 380.696 1166.28 0.955896 0.0338656 0.291745 -0.219857 0.741143 0.634326 -0.194743 -0.670492 0.715901 
2 141.778 184.379 1343.88 0.955896 0.0338656 0.291745 -0.219857 0.741143 0.634326 -0.194743 -0.670492 0.715901 
3 134.64 9.25471 1351.15 0.963167 0.0406936 0.265806 -0.0502292 0.998312 0.0291724 -0.26417 -0.0414491 0.963585 
6 -0.683596 191.808 1382.95 0.275133 -0.930593 -0.241449 0.920231 0.182199 0.346378 -0.278345 -0.317489 0.90649 
7 -66.4877 -28.2852 1449.53 0.0882629 -0.930593 -0.355254 0.953422 0.182199 -0.240396 0.288438 -0.317489 0.90333 
9 -95.9178 -346.191 1353.35 0 0 0 0 0 0 0 0 0 
12 284.24 176.95 1304.81 0.286956 0.944208 0.16164 -0.844744 0.169848 0.507503 0.451735 -0.282175 0.846353 
13 355.068 -31.5535 1416.31 0.0742288 0.944208 0.320876 -0.944466 0.169848 -0.281309 -0.320114 -0.282175 0.90438 
15 378.314 -327.333 1316.05 0 0 0 0 0 0 0 0 0 
17 34.5999 -161.025 1383.9 0.977381 -0.098331 0.187236 0.0910566 0.994732 0.047085 -0.19088 -0.0289709 0.981186 
18 63.1239 -449.578 1392.31 0.976059 -0.0755641 0.20396 0.110785 0.979677 -0.16721 -0.18718 0.185803 0.964594 
20 88.5018 -778.599 1329.9 0 0 0 0 0 0 0 0 0 
21 220.403 -170.714 1332.94 -0.675932 -0.159128 -0.719579 -0.0802911 0.986499 -0.142733 0.732577 -0.0387023 -0.679583 
22 260.44 -418.919 1342.68 -0.67663 -0.0172657 -0.73612 -0.156784 0.980177 0.121124 0.719437 0.197368 -0.665925 
24 265.439 -702.737 1285.53 0 0 0 0 0 0 0 0 0 

1 147.403 379.884 1171.15 0.971619 0.0164886 0.235976 -0.180617 0.695897 0.695057 -0.152755 -0.717952 0.679125 
2 142.865 188.32 1368.78 0.971619 0.0164886 0.235976 -0.180617 0.695897 0.695057 -0.152755 -0.717952 0.679125 
3 134.133 18.8917 1374.77 0.976549 0.0514373 0.209057 -0.0576538 0.998054 0.0237473 -0.207429 -0.0352434 0.977615 
6 1.81338 196.648 1398.74 0.278785 -0.903212 -0.326322 0.902136 0.129794 0.411465 -0.329285 -0.409097 0.851006 
7 -65.512 -21.2143 1478.26 -0.0242968 -0.903212 -0.428505 0.936185 0.129794 -0.326666 0.350666 -0.409097 0.84242 
9 -58.4707 -292.522 1376.64 0 0 0 0 0 0 0 0 0 
12 283.916 179.993 1338.82 0.334989 0.936551 0.103223 -0.610184 0.132157 0.781159 0.717953 -0.324665 0.61574 
13 364.004 34.111 1510.47 0.0373775 0.936551 0.348533 -0.958576 0.132157 -0.252322 -0.282373 -0.324665 0.902695 
15 377.954 -323.639 1405.08 0 0 0 0 0 0 0 0 0 
17 39.3251 -145.455 1399.03 0.988214 -0.0770155 0.132294 0.0761641 0.997029 0.0114916 -0.132786 -0.00128008 0.991144 
18 61.8796 -437.441 1399.41 0.987732 -0.0664891 0.141297 0.083773 0.989218 -0.120123 -0.131787 0.130486 0.982652 
20 84.008 -766.665 1355.98 0 0 0 0 0 0 0 0 0 
21 211.476 -155.619 1362.47 -0.725193 -0.107812 -0.680052 -0.0243119 0.991059 -0.131192 0.688116 -0.0786065 -0.72133 
22 249.999 -509.74 1390.55 -0.730336 -0.0401881 -0.681905 -0.206045 0.964732 0.163822 0.651272 0.260148 -0.712859 
24 263.807 -841.196 1301.17 0 0 0 0 0 0 0 0 0 

1 141.677 379.919 1183.61 0.98889 -0.0337096 0.144776 -0.0868669 0.659292 0.746853 -0.120625 -0.751131 0.649039 
2 151.121 195.201 1394.06 0.98889 -0.0337096 0.144776 -0.0868669 0.659292 0.746853 -0.120625 -0.751131 0.649039 
3 136.121 28.3121 1398.45 0.988718 0.0894884 0.120119 -0.091974 0.995644 0.015299 -0.118227 -0.0261742 0.992642 
6 8.55312 208.463 1411.11 0.296521 -0.943831 -0.145802 0.899877 0.224994 0.373628 -0.319838 -0.241992 0.916048 
7 -63.2022 -9.29875 1488.51 0.15091 -0.943831 -0.293954 0.945034 0.224994 -0.237252 0.290064 -0.241992 0.925906 
9 -115.254 -335.259 1388.46 0 0 0 0 0 0 0 0 0 
12 293.69 181.939 1377.01 0.305174 0.93617 0.174513 -0.652868 0.0722659 0.754016 0.693276 -0.34404 0.633249 
13 368.285 22.3555 1546.47 0.0112903 0.93617 0.351367 -0.984319 0.0722659 -0.160914 -0.176035 -0.34404 0.922306 
15 372.409 -337.257 1482.16 0 0 0 0 0 0 0 0 0 
17 36.5897 -130.713 1412.94 0.996326 -0.0739803 0.0431385 0.0745972 0.997131 -0.0128699 -0.0420626 0.0160407 0.998986 
18 58.6675 -428.285 1408.16 0.997157 -0.0580089 0.0480915 0.0617763 0.994801 -0.0809571 -0.0431453 0.0836978 0.995557 
20 77.8499 -757.247 1380.48 0 0 0 0 0 0 0 0 0 
21 205.653 -146.44 1392.73 -0.781165 -0.0967547 -0.616782 -0.0475133 0.994266 -0.0957944 0.622514 -0.045526 -0.781284 
22 234.964 -447.646 1406.52 -0.782609 -0.0430386 -0.621024 -0.181526 0.970029 0.161532 0.595459 0.239148 -0.766966 
24 248.173 -745.359 1333.12 0 0 0 0 0 0 0 0 0 

1 142.023 386.731 1202.33 0.985286 -0.0693564 0.156211 -0.0801585 0.6197 0.780734 -0.150953 -0.781768 0.605022 
2 160.913 217.951 1415.26 0.985286 -0.0693564 0.156211 -0.0801585 0.6197 0.780734 -0.150953 -0.781768 0.605022 
3 137.95 47.6239 1422.03 0.983006 0.133508 0.125996 -0.137371 0.990265 0.0224438 -0.121773 -0.0393705 0.991777 
6 19.2286 237.751 1432.81 0.310591 -0.949935 -0.034012 0.904701 0.284444 0.317186 -0.291631 -0.129286 0.947753 
7 -56.9271 15.9211 1504.31 0.249566 -0.949935 -0.18799 0.939714 0.284444 -0.189815 0.233784 -0.129286 0.963655 
9 -140.833 -300.018 1425.71 0 0 0 0 0 0 0 0 0 
12 302.598 198.151 1397.7 0.257894 0.929819 0.262541 -0.7069 -0.00364681 0.707304 0.658622 -0.368 0.656349 
13 366.178 23.8728 1560.08 -0.0155134 0.929819 0.367691 -0.99945 -0.00364682 -0.0329462 -0.0292931 -0.368 0.929364 
15 360.297 -355.068 1548.97 0 0 0 0 0 0 0 0 0 
17 26.6402 -110.357 1439.74 0.995437 -0.0787609 0.0538717 0.0844197 0.990069 -0.11241 -0.0444832 0.116445 0.992201 
18 51.6292 -424.483 1402.8 0.996983 -0.0623407 0.0462452 0.0632754 0.997815 -0.01903 -0.0449577 0.0218988 0.998749 
20 72.0149 -750.773 1395.64 0 0 0 0 0 0 0 0 0 
21 203.332 -135.049 1417.85 -0.77904 -0.0370674 -0.625878 -0.00750304 0.99873 -0.0498104 0.626929 -0.0341083 -0.778329 
22 214.508 -436.178 1428.14 -0.775434 -0.0897016 -0.625024 -0.184261 0.97892 0.0881113 0.603945 0.183492 -0.775617 
24 243.193 -749.221 1369.46 0 0 0 0 0 0 0 0 0 

1 280.643 452.679 1393 0.893443 0.416245 0.168818 -0.440232 0.886083 0.145097 -0.089191 -0.203955 0.974909 
2 179.784 237.975 1442.42 0.893443 0.416245 0.168818 -0.440232 0.886083 0.145097 -0.089191 -0.203955 0.974909 
3 146.558 64.4218 1444.8 0.97494 0.188015 0.118918 -0.188271 0.982074 -0.00917723 -0.118512 -0.0134416 0.992862 
6 41.1409 264.748 1459.28 0.371709 -0.927867 -0.0299191 0.893911 0.349038 0.28124 -0.25051 -0.131284 0.959171 
7 -50.5563 44.229 1521.07 0.266197 -0.940829 -0.209715 0.930912 0.30737 -0.197296 0.250082 -0.142707 0.95765 
