1 127.562 520.312 788 0.997246 0.0629831 0.0391587 -0.0725347 0.938361 0.337962 -0.0154591 -0.339871 0.940345 
2 114.312 322.906 859.5 0.997246 0.0629831 0.0391587 -0.0725347 0.938361 0.337962 -0.0154591 -0.339871 0.940345 
3 115.188 138.172 874.375 0.999496 -0.0047212 0.0314032 0.00218316 0.996763 0.0803694 -0.031681 -0.0802604 0.99627 
6 -20.6421 322.612 863.778 0.28316 -0.955898 -0.0779711 0.900036 0.236767 0.365892 -0.331295 -0.173783 0.927385 
7 -88.6164 106.553 943.307 0.12912 -0.955898 -0.263794 0.870237 0.236767 -0.432005 0.47541 -0.173783 0.862429 
9 -119.612 -102.353 829.182 0 0 0 0 0 0 0 0 0 
12 249.267 323.201 855.222 0.272787 0.959777 -0.0664423 -0.77162 0.259512 0.580738 0.574622 -0.10715 0.811375 
13 314.751 137.969 993.164 0.217326 0.959777 0.177754 -0.928314 0.259512 -0.266246 -0.301666 -0.10715 0.947374 
15 366.922 -84.8781 920.747 0 0 0 0 0 0 0 0 0 
17 32.1781 -46.7457 891.909 1 0 0 0 1 0 0 0 1 
18 32.1781 -413.89 891.909 1 0 0 0 1 0 0 0 1 
20 32.1781 -766.913 891.909 0 0 0 0 0 0 0 0 0 
21 199.947 -46.3793 886.591 1 0 0 0 1 0 0 0 1 
22 199.947 -413.523 886.591 1 0 0 0 1 0 0 0 1 
24 199.947 -766.547 886.591 0 0 0 0 0 0 0 0 0 

1 137.118 488.336 790.242 0.991529 0.0874255 0.0960567 -0.116861 0.923257 0.365978 -0.0566892 -0.374103 0.925653 
2 120.075 308.346 863.173 0.991529 0.0874255 0.0960567 -0.116861 0.923257 0.365978 -0.0566892 -0.374103 0.925653 
3 116.617 116.417 878.154 0.996621 0.0179555 0.0801486 -0.0240813 0.996807 0.0761303 -0.0785257 -0.0778032 0.993871 
6 -10.8617 311.51 873.49 0.34329 -0.934551 -0.0936298 0.859203 0.27221 0.433212 -0.379371 -0.229164 0.896416 
7 -91.2723 110.254 962.352 0.114957 -0.934551 -0.336748 0.840465 0.27221 -0.468531 0.529532 -0.229164 0.816749 
9 -118.199 -86.6124 838.317 0 0 0 0 0 0 0 0 0 
12 251.011 305.182 852.857 0.257211 0.962687 -0.084125 -0.780384 0.258267 0.569473 0.569951 -0.0808249 0.817694 
13 311.259 122.389 986.359 0.216374 0.962686 0.162532 -0.913966 0.258267 -0.312993 -0.34329 -0.080825 0.935745 
15 361.941 -91.6944 905.949 0 0 0 0 0 0 0 0 0 
17 2.08806 -72.8288 901.886 1 0 0 0 1 0 0 0 1 
18 2.08806 -431.071 901.886 1 0 0 0 1 0 0 0 1 
20 2.08806 -775.535 901.886 0 0 0 0 0 0 0 0 0 
21 224.232 -78.1964 884.383 1 0 0 0 1 0 0 0 1 
22 224.232 -436.439 884.383 1 0 0 0 1 0 0 0 1 
24 224.232 -780.903 884.383 0 0 0 0 0 0 0 0 0 

1 141.044 468.652 792.459 0.992385 0.122398 -0.0138125 -0.102887 0.885357 0.453384 0.0677224 -0.448511 0.891208 
2 115.208 281.771 887.131 0.992385 0.122398 -0.0138125 -0.102887 0.885357 0.453384 0.0677224 -0.448511 0.891208 
3 109.95 104.053 902.255 0.99862 0.0294626 -0.0434685 -0.0256412 0.995966 0.0859919 0.0458267 -0.0847587 0.995347 
6 -24.7238 285.364 880.709 0.363159 -0.887743 -0.282892 0.859399 0.201865 0.469769 -0.359928 -0.413718 0.836235 
7 -108.201 87.8185 963.444 -0.0406496 -0.887743 -0.458541 0.860838 0.201865 -0.467128 0.507253 -0.413718 0.755997 
9 -99.374 -99.1124 853.294 0 0 0 0 0 0 0 0 0 
12 255.139 278.178 893.552 0.143516 0.964376 -0.222221 -0.782661 0.248025 0.570898 0.605677 0.0919909 0.790375 
13 288.652 95.4178 1034.98 0.248041 0.964376 0.0919494 -0.726937 0.248025 -0.640348 -0.640342 0.0919909 0.762561 
15 346.572 -74.3302 885.458 0 0 0 0 0 0 0 0 0 
17 4.40473 -71.0906 912.777 0.992143 -0.0669887 -0.105662 0.0515139 0.988392 -0.142927 0.114009 0.136361 0.984077 
18 26.6959 -399.989 867.401 0.992143 0.00504094 -0.125006 0.0515139 0.894093 0.444909 0.114009 -0.447853 0.886808 
20 24.9278 -713.6 1024.49 0 0 0 0 0 0 0 0 0 
21 204.982 -76.2407 921.982 0.996837 0.0660055 -0.0442661 -0.0619739 0.994281 0.0869769 0.0497538 -0.0839584 0.995226 
22 183.72 -396.511 949.026 0.998432 0.0469531 -0.0304787 -0.0365629 0.959286 0.280061 0.0423875 -0.278507 0.959498 
24 166.84 -741.392 1049.15 0 0 0 0 0 0 0 0 0 

1 134.702 466.473 797.577 0.981499 0.191212 0.00989954 -0.170495 0.849288 0.499641 0.0871301 -0.492085 0.866176 
2 95.706 293.27 897.933 0.981499 0.191212 0.00989954 -0.170495 0.849288 0.499641 0.0871301 -0.492085 0.866176 
3 97.6424 114.565 911.843 0.999449 -0.0108023 -0.0313781 0.0131997 0.996926 0.0772298 0.0304474 -0.0776015 0.996519 
6 -40.5182 291.471 893.783 0.304695 -0.917357 -0.256159 0.907907 0.198458 0.369214 -0.287864 -0.345066 0.893344 
7 -113.134 75.0961 962.387 0.00678292 -0.917357 -0.398008 0.874524 0.198458 -0.442517 0.484934 -0.345066 0.803597 
9 -114.539 -106.072 861.928 0 0 0 0 0 0 0 0 0 
12 231.93 295.069 902.083 0.197494 0.979386 0.0424066 -0.788196 0.132922 0.600898 0.582875 -0.152099 0.7982 
13 284.616 84.7999 1057.58 0.00638066 0.979386 0.201895 -0.772961 0.132922 -0.620373 -0.634421 -0.152099 0.757876 
15 287.024 -206.837 818.212 0 0 0 0 0 0 0 0 0 
17 6.05847 -65.3747 922.905 0.994512 -0.0593221 -0.0861741 0.0472829 0.989637 -0.135585 0.0933242 0.130766 0.987011 
18 27.2548 -418.981 876.181 0.994512 -0.00163173 -0.104606 0.0472829 0.898943 0.435506 0.0933242 -0.438063 0.894087 
20 27.8154 -727.828 1026.68 0 0 0 0 0 0 0 0 0 
21 193.099 -62.9045 928.603 0.998761 0.0375728 -0.0326214 -0.035379 0.997231 0.0654059 0.0349886 -0.0641708 0.997325 
22 180.838 -388.326 949.543 0.999129 0.0347055 -0.0231477 -0.0264406 0.95602 0.292106 0.0322674 -0.29124 0.956106 
24 168.554 -726.711 1052.63 0 0 0 0 0 0 0 0 0 

1 128.347 465.89 803.739 0.972238 0.224285 0.0667081 -0.223391 0.804811 0.549887 0.0696436 -0.549523 0.832571 
2 83.9635 306.626 912.484 0.972238 0.224285 0.0667081 -0.223391 0.804811 0.549887 0.0696436 -0.549523 0.832571 
3 89.2536 128.612 923.237 0.999464 -0.0296503 0.0138877 0.0287557 0.997742 0.0607044 -0.0156562 -0.0602725 0.998059 
6 -52.5846 302.697 914.623 0.268379 -0.920006 -0.28559 0.935349 0.177959 0.305701 -0.230423 -0.34917 0.908287 
7 -117.953 74.8781 970.746 0.00541661 -0.920006 -0.391867 0.896647 0.177959 -0.405408 0.442714 -0.349171 0.825884 
9 -119.11 -116.765 876.124 0 0 0 0 0 0 0 0 0 
12 220.512 310.555 910.345 0.219454 0.975585 -0.008545 -0.779867 0.180677 0.599303 0.586215 -0.124855 0.800477 
13 277.818 106.906 1063.42 0.0816457 0.975585 0.203879 -0.826132 0.180677 -0.533724 -0.55753 -0.124855 0.820714 
15 311.91 -238.052 830.623 0 0 0 0 0 0 0 0 0 
17 5.53598 -51.9636 935.385 0.996409 -0.0531478 -0.0659163 0.0456117 0.992774 -0.110989 0.0713389 0.107583 0.991633 
18 25.8444 -431.314 894.277 0.996409 -0.011831 -0.0838432 0.0456117 0.909245 0.413755 0.0713389 -0.416093 0.906519 
20 30.1913 -765.385 1047.16 0 0 0 0 0 0 0 0 0 
21 183.552 -46.8419 932.597 0.999543 0.0266956 0.0142108 -0.0280674 0.993841 0.107197 -0.0112616 -0.107547 0.994136 
22 174.84 -371.158 967.692 0.999744 0.0141278 0.0176776 -0.0179616 0.970576 0.240125 -0.013765 -0.240381 0.970581 
24 169.791 -718.04 1053.6 0 0 0 0 0 0 0 0 0 

1 121.911 467.687 812.213 0.97178 0.228036 0.0603546 -0.222248 0.799372 0.558221 0.0790484 -0.555882 0.827494 
2 77.3844 311.6 920.756 0.97178 0.228036 0.0603546 -0.222248 0.799372 0.558221 0.0790484 -0.555882 0.827494 
3 84.1689 133.372 932.011 0.999247 -0.0379634 0.00799865 0.0373823 0.997293 0.063324 -0.010381 -0.0629773 0.997961 
6 -59.6127 306.475 922.179 0.268514 -0.918402 -0.290583 0.933304 0.173376 0.31446 -0.238421 -0.355639 0.903701 
7 -126.484 74.0427 981.556 0.0258516 -0.918401 -0.394804 0.92325 0.173376 -0.342856 0.383329 -0.355639 0.852396 
9 -132.201 -130.12 896.789 0 0 0 0 0 0 0 0 0 
12 214.381 316.726 919.333 0.229113 0.970027 -0.0809575 -0.758775 0.230074 0.609366 0.609728 -0.078185 0.788745 
13 273.85 119.778 1077.59 0.237228 0.970027 0.0526274 -0.96633 0.230074 0.115204 0.0996426 -0.078185 0.991947 
15 341.426 -155.487 1105.98 0 0 0 0 0 0 0 0 0 
17 4.75606 -48.0803 944.161 0.996088 -0.0520494 -0.0714139 0.0455831 0.994955 -0.0893676 0.0757052 0.0857627 0.993435 
18 24.7652 -430.567 911.192 0.995846 -0.0249138 -0.0875831 0.0576903 0.916797 0.395164 0.0704509 -0.398576 0.914426 
20 33.9743 -769.452 1058.52 0 0 0 0 0 0 0 0 0 
21 177.151 -41.6309 942.37 0.999876 0.0138032 0.00758642 -0.0144183 0.996006 0.0881206 -0.00633977 -0.0882191 0.996081 
22 171.844 -424.521 976.284 0.999927 0.00758745 0.00943853 -0.00952675 0.974016 0.226281 -0.00747639 -0.226354 0.974016 
24 169.04 -784.556 1059.95 0 0 0 0 0 0 0 0 0 

1 115.742 470.595 823.153 0.97275 0.221005 0.0701002 -0.222269 0.80284 0.553212 0.0659834 -0.553719 0.830086 
2 73.0914 315.658 930.012 0.97275 0.221005 0.0701002 -0.222269 0.80284 0.553212 0.0659834 -0.553719 0.830086 
3 80.4807 137.347 941.913 0.998913 -0.0413129 0.0216029 0.0397717 0.996928 0.0674705 -0.0243239 -0.0665379 0.997487 
6 -63.5905 310.216 933.341 0.281111 -0.92183 -0.266844 0.908337 0.165855 0.383947 -0.309677 -0.350316 0.883956 
7 -133.53 84.2249 1010.39 0.0156616 -0.92183 -0.387278 0.919023 0.165855 -0.357615 0.393892 -0.350316 0.849781 
9 -137.125 -126.698 919.986 0 0 0 0 0 0 0 0 0 
12 209.773 321.1 926.684 0.23669 0.971579 -0.00344938 -0.757048 0.18665 0.62613 0.608979 -0.145588 0.779711 
13 271.527 123.582 1085.57 0.200992 0.971579 0.125045 -0.975371 0.18665 0.117528 0.0908484 -0.145588 0.985165 
15 332.929 -174.388 1113.32 0 0 0 0 0 0 0 0 0 
17 2.26917 -44.3719 955.899 0.996929 -0.053685 -0.0570202 0.0481695 0.994401 -0.0940522 0.0617502 0.0910167 0.993933 
18 22.9634 -427.688 920.814 0.996609 -0.0327608 -0.0754772 0.0591566 0.922871 0.38054 0.0571889 -0.383714 0.921679 
20 35.1061 -769.749 1063.04 0 0 0 0 0 0 0 0 0 
21 173.471 -37.5555 951.73 0.999695 -0.0127782 0.0211389 0.01137 0.997791 0.0654477 -0.0219286 -0.0651874 0.997632 
22 178.396 -422.179 976.858 0.999568 0.0227947 0.0185565 -0.026589 0.970337 0.24029 -0.0125287 -0.24068 0.970524 
24 169.948 -781.833 1066.07 0 0 0 0 0 0 0 0 0 

1 110.461 473.386 835.38 0.971011 0.210022 0.114144 -0.237503 0.793689 0.560044 0.0270265 -0.570919 0.820562 
2 69.8173 319.791 945.864 0.971011 0.210022 0.114144 -0.237503 0.793689 0.560044 0.0270265 -0.570919 0.820562 
3 76.9373 140.353 957.741 0.996944 -0.0395617 0.067359 0.0349334 0.997036 0.0685552 -0.0698715 -0.0659926 0.995371 
6 -66.988 314.998 955.452 0.274683 -0.922193 -0.272231 0.91509 0.163789 0.368489 -0.295229 -0.350334 0.888879 
7 -134.47 90.1852 1027.98 0.0316123 -0.922193 -0.385436 0.93478 0.163789 -0.315213 0.353818 -0.350334 0.867225 
9 -141.812 -126.913 945.81 0 0 0 0 0 0 0 0 0 
12 206.623 324.585 936.276 0.243102 0.968688 0.0504549 -0.769346 0.160874 0.618245 0.590769 -0.189114 0.784365 
13 269.94 124.204 1090.15 0.180525 0.968687 0.170455 -0.979292 0.160874 0.122911 0.0916402 -0.189114 0.97767 
15 326.952 -185.07 1119.09 0 0 0 0 0 0 0 0 0 
17 -1.34204 -42.0776 975.603 0.998361 -0.056223 -0.0106981 0.0545313 0.991228 -0.120388 0.0173728 0.119607 0.992669 
18 20.3769 -424.99 929.399 0.9985 -0.0411076 -0.0361662 0.0515083 0.929237 0.365875 0.0185668 -0.367189 0.929961 
20 35.6461 -770.148 1065.79 0 0 0 0 0 0 0 0 0 
21 169.457 -36.0927 963.633 0.997316 -0.028612 0.0673965 0.0258754 0.998819 0.0411334 -0.0684938 -0.039279 0.996878 
22 180.509 -421.937 978.806 0.997906 0.0244422 0.0598902 -0.038694 0.967505 0.249875 -0.0518365 -0.251669 0.966424 
24 171.431 -781.31 1072.29 0 0 0 0 0 0 0 0 0 

1 105.651 475.574 846.224 0.972505 0.197377 0.123596 -0.232354 0.786653 0.572004 0.0156731 -0.584995 0.810885 
2 67.4121 323.172 959.559 0.972505 0.197377 0.123596 -0.232354 0.786653 0.572004 0.0156731 -0.584995 0.810885 
3 73.6415 142.623 972.077 0.996369 -0.0343997 0.0778763 0.0288233 0.997015 0.071631 -0.0801079 -0.0691263 0.994386 
6 -70.1865 319.191 970.621 0.26131 -0.951151 -0.164404 0.917275 0.191661 0.349104 -0.300541 -0.242028 0.92255 
7 -134.219 94.4172 1044.27 0.107474 -0.951151 -0.289414 0.940483 0.191661 -0.280638 0.322399 -0.242028 0.91514 
9 -159.646 -128.083 967.994 0 0 0 0 0 0 0 0 0 
12 205.011 327.152 948.496 0.233097 0.972328 0.0155919 -0.767207 0.174024 0.61734 0.597544 -0.155862 0.786541 
13 267.393 121.83 1108.41 0.187311 0.972328 0.139613 -0.979436 0.174024 0.102079 0.0749588 -0.155862 0.98493 
15 327.517 -192.555 1132.47 0 0 0 0 0 0 0 0 0 
17 -4.4917 -40.3651 991.377 0.998399 -0.0565497 -0.000874251 0.0559972 0.990577 -0.124986 0.00793396 0.124737 0.992158 
18 17.6242 -427.768 942.594 0.998218 -0.0531436 -0.0271507 0.0593023 0.934274 0.351588 0.00668153 -0.352572 0.935761 
20 37.6087 -779.099 1075.18 0 0 0 0 0 0 0 0 0 
21 164.233 -35.4841 977.812 0.995707 -0.0503692 0.0776575 0.0467904 0.997787 0.0472353 -0.0798648 -0.0433989 0.995861 
22 183.932 -425.707 994.785 0.997138 0.0331064 0.0679709 -0.0471095 0.975235 0.216094 -0.0591335 -0.218677 0.974004 
24 171.483 -792.441 1077.02 0 0 0 0 0 0 0 0 0 

1 101.587 478.378 857.371 0.980523 0.168965 0.100124 -0.194287 0.759839 0.620401 0.0287485 -0.627771 0.777867 
2 67.3346 324.343 984.634 0.980523 0.168965 0.100124 -0.194287 0.759839 0.620401 0.0287485 -0.627771 0.777867 
3 70.7686 141.929 993.553 0.998501 -0.0187999 0.0513917 0.0162423 0.99863 0.0497393 -0.0522564 -0.0488301 0.997439 
6 -70.9133 322.094 991.869 0.229604 -0.973035 -0.022029 0.900058 0.203662 0.385248 -0.370373 -0.108282 0.92255 
7 -129.727 91.5422 1086.74 0.151179 -0.973035 -0.174208 0.917663 0.203662 -0.341198 0.367477 -0.108282 0.923707 
9 -168.128 -141.554 993.398 0 0 0 0 0 0 0 0 0 
12 205.582 326.592 977.399 0.234023 0.972201 0.00758173 -0.788446 0.185216 0.586556 0.568847 -0.143246 0.809873 
13 268.034 116.187 1129.2 0.190425 0.972201 0.136245 -0.981422 0.185216 0.0500567 0.0234304 -0.143246 0.98941 
15 328.439 -195.13 1136.63 0 0 0 0 0 0 0 0 0 
17 -12.3778 -41.8925 1007 0.997201 -0.0685447 -0.02987 0.0634415 0.987079 -0.147141 0.0395698 0.144834 0.988664 
18 14.6861 -431.626 949.818 0.995975 -0.0677262 -0.0587105 0.083629 0.937841 0.336838 0.0322484 -0.340392 0.93973 
20 40.3983 -787.677 1079.05 0 0 0 0 0 0 0 0 0 
21 160.783 -39.0758 997.942 0.996818 -0.0614626 0.0507524 0.0601889 0.997842 0.0262556 -0.0522566 -0.0231173 0.998366 
22 185.051 -433.059 1007.07 0.998593 0.0355874 0.0393194 -0.0427275 0.979065 0.19901 -0.031414 -0.20041 0.979208 
24 171.54 -804.761 1083.15 0 0 0 0 0 0 0 0 0 

1 97.428 482.49 869.971 0.986348 0.15674 0.0505053 -0.151525 0.743739 0.65107 0.0644862 -0.649834 0.757336 
2 63.8866 323.334 1009.03 0.986348 0.15674 0.0505053 -0.151525 0.743739 0.65107 0.0644862 -0.649834 0.757336 
3 66.4077 136.885 1018.83 0.999908 -0.0135018 0.00129482 0.0134152 0.998531 0.052503 -0.0020018 -0.0524808 0.99862 
6 -72.8201 321.5 1009.31 0.210732 -0.97626 0.0500881 0.873295 0.211035 0.439113 -0.439259 -0.0487933 0.897035 
7 -127.419 95.2374 1123.11 0.177127 -0.97626 -0.12467 0.907475 0.211035 -0.363253 0.38094 -0.0487933 0.923311 
9 -173.311 -139.881 1024.42 0 0 0 0 0 0 0 0 0 
12 200.593 325.168 1008.76 0.273454 0.958675 0.0785139 -0.804913 0.183375 0.564348 0.526629 -0.21752 0.821795 
13 271.443 116.623 1145.2 0.182888 0.958675 0.217931 -0.982875 0.183375 0.0181626 -0.0225511 -0.21752 0.975795 
15 318.827 -138.031 1139.36 0 0 0 0 0 0 0 0 0 
17 -19.0271 -50.7442 1028.81 1 0 0 0 1 0 0 0 1 
18 -19.0271 -447.001 1028.81 1 0 0 0 1 0 0 0 1 
20 -19.0271 -828.017 1028.81 0 0 0 0 0 0 0 0 0 
21 156.885 -48.3841 1028.45 1 0 0 0 1 0 0 0 1 
22 156.885 -444.641 1028.45 1 0 0 0 1 0 0 0 1 
24 156.885 -825.657 1028.45 0 0 0 0 0 0 0 0 0 

1 93.961 484.97 879.591 0.990591 0.130015 0.0427253 -0.126232 0.747429 0.652239 0.0528664 -0.651495 0.756809 
2 65.511 321.416 1022.15 0.990591 0.130015 0.0427253 -0.126232 0.747429 0.652239 0.0528664 -0.651495 0.756809 
3 66.1131 133.421 1035.49 0.999995 -0.0031949 0.000462893 0.00315413 0.997489 0.0707482 -0.000687759 -0.0707464 0.997494 
6 -72.6901 320.98 1022.25 0.205949 -0.977274 0.0502104 0.861263 0.205382 0.464806 -0.464555 -0.0524822 0.883988 
7 -129.077 85.1755 1149.44 0.174509 -0.977274 -0.120345 0.920025 0.205382 -0.333724 0.350857 -0.0524822 0.934957 
9 -176.62 -165.473 1053.85 0 0 0 0 0 0 0 0 0 
12 203.712 321.852 1022.06 0.281168 0.951873 0.121988 -0.79966 0.162113 0.578155 0.530555 -0.260108 0.806756 
13 279.69 105.768 1165.42 0.142871 0.951873 0.271154 -0.985514 0.162113 -0.0498208 -0.0913806 -0.260108 0.961246 
15 324.09 -200.501 1137.03 0 0 0 0 0 0 0 0 0 
17 -23.3949 -54.8589 1048.88 0.99488 -0.0633952 -0.0786993 0.0472987 0.980305 -0.191743 0.0893049 0.187039 0.978285 
18 1.876 -445.633 974.323 0.992128 -0.0763617 -0.0992528 0.102361 0.951089 0.291466 0.0721413 -0.299331 0.951418 
20 31.145 -810.18 1089.05 0 0 0 0 0 0 0 0 0 
21 156.825 -54.2904 1048.76 0.999547 -0.0301005 2.42922e-05 0.0300858 0.999084 0.0304461 -0.000940713 -0.0304316 0.999536 
22 168.824 -452.551 1060.89 0.999881 0.0152237 -0.00264264 -0.0148019 0.992805 0.118825 0.00443258 -0.118771 0.992912 
24 162.989 -833.087 1106.41 0 0 0 0 0 0 0 0 0 

1 90.3925 488.057 889.784 0.991796 0.111014 0.0633686 -0.125803 0.759846 0.637814 0.0226559 -0.640554 0.767579 
2 65.3329 316.534 1034.38 0.991796 0.111014 0.0633686 -0.125803 0.759846 0.637814 0.0226559 -0.640554 0.767579 
3 64.836 127.528 1052.21 0.9996 0.00261727 0.0281543 -0.00524893 0.995576 0.0938088 -0.0277842 -0.0939191 0.995192 
6 -74.3821 317.268 1038.26 0.194267 -0.976081 0.0976045 0.851808 0.217201 0.476704 -0.486502 -0.00946747 0.873628 
7 -126.801 87.4265 1169.53 0.202655 -0.976081 -0.078721 0.924752 0.217202 -0.312501 0.322125 -0.00946747 0.94665 
9 -183.256 -170.188 1079.8 0 0 0 0 0 0 0 0 0 
12 205.048 315.801 1030.5 0.284954 0.949105 0.134168 -0.786379 0.151437 0.598895 0.548096 -0.276165 0.789509 
13 284.714 95.9492 1183.73 0.111241 0.949105 0.294662 -0.981489 0.151437 -0.117246 -0.155902 -0.276165 0.948382 
15 320.861 -222.977 1133.07 0 0 0 0 0 0 0 0 0 
17 -28.1473 -60.993 1072.61 0.996734 -0.062643 -0.0509707 0.0504484 0.975805 -0.212745 0.0630645 0.209479 0.975777 
18 -3.06393 -451.723 988.731 0.993991 -0.0802489 -0.0744457 0.0976341 0.957478 0.271485 0.0494937 -0.277122 0.959559 
20 27.8333 -820.368 1095.43 0 0 0 0 0 0 0 0 0 
21 156.826 -61.9643 1067.47 0.999426 -0.0192284 0.027906 0.0183184 0.999304 0.0325039 -0.0285115 -0.031974 0.999082 
22 164.525 -462.104 1080.27 0.999522 0.0156987 0.0266245 -0.01819 0.995208 0.0960704 -0.0249887 -0.0965088 0.995018 
24 158.481 -845.276 1117.43 0 0 0 0 0 0 0 0 0 

1 87.3739 488.302 904.04 0.993511 0.0715672 0.0883924 -0.112417 0.735811 0.66779 -0.0172482 -0.673394 0.739082 
2 69.8614 308.248 1068.82 0.993511 0.0715672 0.0883924 -0.112417 0.735811 0.66779 -0.0172482 -0.673394 0.739082 
3 66.6358 119.9 1081.22 0.998197 0.0170858 0.0575444 -0.020801 0.997695 0.0645949 -0.0563081 -0.0656754 0.996251 
6 -70.79 311.179 1076.75 0.202175 -0.974959 0.0926244 0.867319 0.22217 0.445418 -0.454843 -0.00971738 0.890518 
7 -122.951 87.4108 1194.1 0.208895 -0.974959 -0.0762671 0.929941 0.22217 -0.293001 0.302608 -0.00971738 0.953065 
9 -183.945 -184.118 1105.75 0 0 0 0 0 0 0 0 0 
12 210.513 305.317 1060.89 0.284799 0.945969 0.155022 -0.814931 0.153776 0.558785 0.504755 -0.285473 0.814695 
13 287.066 86.2648 1196.56 0.105829 0.945969 0.306501 -0.978602 0.153776 -0.136716 -0.176462 -0.285473 0.942001 
15 321.816 -235.069 1138.62 0 0 0 0 0 0 0 0 0 
17 -30.2167 -66.4977 1098.9 0.998025 -0.05649 -0.0274773 0.0483858 0.970244 -0.237245 0.0400616 0.235447 0.971061 
18 -7.51371 -456.434 1004.27 0.994745 -0.0884413 -0.0515801 0.0990827 0.958473 0.267418 0.0257874 -0.271123 0.962199 
20 26.6633 -826.823 1109.05 0 0 0 0 0 0 0 0 0 
21 157.037 -70.3998 1088.34 0.99801 -0.0303335 0.0552737 0.0265504 0.997336 0.0679381 -0.0571873 -0.0663354 0.996157 
22 169.228 -471.224 1115 0.997951 0.0304478 0.0562792 -0.0323821 0.998904 0.0337824 -0.0551889 -0.0355357 0.997843 
24 157.462 -857.238 1128.73 0 0 0 0 0 0 0 0 0 

1 85.9634 488.973 922.262 0.994131 0.057176 0.0918376 -0.103984 0.739201 0.665409 -0.0298409 -0.671054 0.740808 
2 71.6964 304.523 1089.71 0.994131 0.057176 0.0918376 -0.103984 0.739201 0.665409 -0.0298409 -0.671054 0.740808 
3 67.929 116.933 1103.9 0.997649 0.0200219 0.0655392 -0.0248672 0.996951 0.0739692 -0.0638584 -0.0754251 0.995105 
6 -69.3766 308.039 1098.74 0.205419 -0.974828 0.0866744 0.862184 0.222162 0.455284 -0.463079 -0.0187947 0.886117 
7 -122.713 84.1756 1218.97 0.209908 -0.974828 -0.0751545 0.942926 0.222162 -0.248063 0.258516 -0.0187947 0.965824 
9 -186.138 -200.735 1140.86 0 0 0 0 0 0 0 0 0 
12 212.769 301.006 1080.68 0.276438 0.947459 0.160942 -0.835473 0.154166 0.527463 0.474938 -0.280273 0.834195 
13 286.838 77.1494 1207.93 0.10258 0.94746 0.302981 -0.976356 0.154166 -0.151532 -0.19028 -0.280273 0.940872 
15 320.785 -245.957 1144.96 0 0 0 0 0 0 0 0 0 
17 -28.1024 -68.3576 1124 0.991949 -0.0383822 0.120677 0.0677128 0.966048 -0.249332 -0.10701 0.255496 0.96087 
18 -12.6425 -457.472 1021.09 0.991949 -0.0937853 0.0850914 0.0677128 0.960637 0.269427 -0.10701 -0.261497 0.959254 
20 23.6804 -829.525 1122.36 0 0 0 0 0 0 0 0 0 
21 156.426 -72.9571 1112.19 0.997411 -0.0331563 0.0638126 0.0293455 0.997781 0.0597563 -0.0656524 -0.057729 0.996171 
22 169.781 -474.854 1135.44 0.997321 0.0329926 0.0652911 -0.0339181 0.999339 0.013118 -0.0648151 -0.0152974 0.99778 
24 157.003 -861.896 1141.36 0 0 0 0 0 0 0 0 0 

1 82.9824 486.745 942.51 0.992766 0.0391065 0.11352 -0.10566 0.733613 0.671303 -0.0570275 -0.678442 0.732438 
2 72.5062 290.218 1124.26 0.992766 0.0391065 0.11352 -0.10566 0.733613 0.671303 -0.0570275 -0.678442 0.732438 
3 70.0633 101.319 1137.37 0.995357 0.0128999 0.0953873 -0.0194175 0.997516 0.0677187 -0.0942768 -0.0692565 0.993134 
6 -66.6815 292.933 1137.44 0.212106 -0.968302 0.131916 0.864371 0.248868 0.436953 -0.455932 0.0213435 0.889758 
7 -122.765 64.3818 1258 0.246531 -0.968302 -0.040166 0.938465 0.248868 -0.239475 0.24188 0.0213435 0.970071 
9 -196.624 -216.777 1185.53 0 0 0 0 0 0 0 0 0 
12 211.694 287.503 1111.07 0.305469 0.93097 0.199959 -0.830281 0.157607 0.534596 0.466178 -0.329325 0.821111 
13 293.629 64.7993 1236.11 0.0743359 0.93097 0.357448 -0.964956 0.157607 -0.209811 -0.251664 -0.329325 0.910061 
15 318.392 -256.648 1152.28 0 0 0 0 0 0 0 0 0 
17 -23.8423 -85.795 1159.15 0.987799 -0.0165307 0.154854 0.0638313 0.949965 -0.305765 -0.142051 0.311919 0.93943 
18 -17.1896 -468.103 1033.62 0.987799 -0.0983249 0.120769 0.0638313 0.962976 0.261921 -0.142051 -0.251017 0.957503 
20 20.8588 -840.742 1130.76 0 0 0 0 0 0 0 0 0 
21 159.083 -89.3635 1141.82 0.995388 -0.0170411 0.0944066 0.0141859 0.999424 0.0308322 -0.0948777 -0.0293507 0.995056 
22 165.941 -491.576 1153.64 0.995145 0.0263699 0.0948208 -0.0269314 0.999626 0.00464698 -0.0946628 -0.00717808 0.995483 
24 155.737 -878.397 1156.41 0 0 0 0 0 0 0 0 0 

1 81.8588 484.916 961.552 0.994592 0.023746 0.101103 -0.0867683 0.724956 0.683308 -0.0570692 -0.688386 0.723096 
2 75.1668 280.613 1155.55 0.994592 0.023746 0.101103 -0.0867683 0.724956 0.683308 -0.0570692 -0.688386 0.723096 
3 71.544 94.3202 1170.54 0.996111 0.0193806 0.0859447 -0.0261392 0.996593 0.0782244 -0.0841359 -0.0801668 0.993224 
6 -63.559 284.254 1167.27 0.217923 -0.967639 0.127216 0.827386 0.252305 0.501772 -0.517631 -0.00409066 0.855594 
7 -119.137 73.2411 1299.28 0.243471 -0.967639 -0.0663057 0.937773 0.252305 -0.238587 0.247595 -0.00409063 0.968855 
9 -195.068 -219.223 1222.06 0 0 0 0 0 0 0 0 0 
12 213.893 276.973 1143.83 0.299757 0.927067 0.22515 -0.862719 0.162666 0.478806 0.407261 -0.337767 0.848559 
13 292.54 50.6205 1250.69 0.0766291 0.927067 0.36698 -0.964161 0.162666 -0.209602 -0.254011 -0.337767 0.906307 
15 318.382 -274.529 1165.02 0 0 0 0 0 0 0 0 0 
17 -23.1261 -89.5836 1193.21 0.990954 -0.0107162 0.133771 0.05561 0.939986 -0.336651 -0.122135 0.341044 0.932079 
18 -18.8174 -467.534 1056.08 0.990954 -0.083915 0.104727 0.05561 0.966999 0.248635 -0.122135 -0.240562 0.962919 
20 13.6256 -841.393 1149.09 0 0 0 0 0 0 0 0 0 
21 158.969 -94.362 1177.83 0.996221 -0.0139661 0.0857247 0.0173085 0.999114 -0.0383704 -0.0851128 0.0397092 0.99558 
22 164.584 -496.087 1161.86 0.996107 0.0239294 0.0848478 -0.0253317 0.999559 0.0154889 -0.0844397 -0.0175779 0.996274 
24 155.333 -882.533 1168.66 0 0 0 0 0 0 0 0 0 

1 88.9297 469.341 1107.81 0.994253 0.0560251 0.0912297 -0.081601 0.948199 0.307017 -0.0693033 -0.312697 0.947321 
2 77.5308 276.42 1171.43 0.994253 0.0560251 0.0912297 -0.081601 0.948199 0.307017 -0.0693033 -0.312697 0.947321 
3 73.3016 89.6521 1189.77 0.996321 0.0225305 0.0826795 -0.0304262 0.994963 0.0955171 -0.0801109 -0.0976814 0.991988 
6 -63.7073 280.733 1182.79 0.202187 -0.966627 0.157328 0.801397 0.255639 0.540752 -0.562924 0.0167486 0.826339 
7 -114.825 78.1214 1325.11 0.253298 -0.966627 -0.0383653 0.943892 0.255639 -0.209087 0.211917 0.0167486 0.977144 
9 -197.201 -228.845 1256.19 0 0 0 0 0 0 0 0 0 
12 218.769 272.107 1160.08 0.278093 0.935544 0.217765 -0.870763 0.149826 0.46832 0.405507 -0.319859 0.856303 
13 291.714 43.702 1266.44 0.0710178 0.935544 0.345997 -0.966873 0.149826 -0.206661 -0.24518 -0.319859 0.915192 
15 316.264 -290.531 1181.69 0 0 0 0 0 0 0 0 0 
17 -22.6923 -94.3136 1215.49 0.991115 -0.0030198 0.132975 0.0492367 0.937053 -0.345699 -0.123561 0.349175 0.928875 
18 -21.4802 -470.442 1075.33 0.991115 -0.0768673 0.10855 0.0492367 0.970154 0.237439 -0.123561 -0.229985 0.965318 
20 8.18731 -844.88 1164.09 0 0 0 0 0 0 0 0 0 
21 160.837 -99.9183 1200.73 0.996622 -0.00891463 0.0816436 0.00682609 0.999643 0.0258246 -0.0818447 -0.02518 0.996327 
22 164.415 -501.17 1210.84 0.996453 0.0186179 0.0820698 -0.0149763 0.998885 -0.0447661 -0.0828117 0.0433782 0.995621 
24 157.229 -886.697 1194.09 0 0 0 0 0 0 0 0 0 

1 78.399 467.651 1143.54 0.995832 -0.0146178 0.0900307 -0.0134264 0.952828 0.303215 -0.090216 -0.30316 0.94866 
2 81.3437 275.71 1204.6 0.995832 -0.0146178 0.0900307 -0.0134264 0.952828 0.303215 -0.090216 -0.30316 0.94866 
3 74.793 85.7435 1218.53 0.995557 0.0343709 0.0876658 -0.0405592 0.996735 0.0698139 -0.08498 -0.0730594 0.9937 
6 -59.8047 281.46 1216.65 0.204661 -0.970647 0.126323 0.835191 0.240469 0.494602 -0.51046 0.00427791 0.859891 
7 -115.241 55.2333 1354.92 0.234648 -0.970647 -0.052762 0.94295 0.240469 -0.230259 0.236188 0.00427791 0.971698 
9 -191.745 -252.206 1277.91 0 0 0 0 0 0 0 0 0 
12 222.492 269.959 1192.56 0.281215 0.917884 0.280013 -0.892017 0.142425 0.428977 0.35387 -0.370411 0.85882 
13 295.909 37.0795 1284.94 0.0556728 0.917884 0.392925 -0.970363 0.142425 -0.195221 -0.235152 -0.370411 0.89861 
15 315.124 -297.833 1203.78 0 0 0 0 0 0 0 0 0 
17 -25.3023 -100.411 1240.44 0.99411 -0.00166277 0.108364 0.040578 0.932862 -0.35794 -0.100494 0.360229 0.927435 
18 -24.6338 -475.477 1095.61 0.99411 -0.061866 0.088984 0.040578 0.97381 0.223711 -0.100494 -0.218783 0.970585 
20 -0.716686 -851.946 1180.19 0 0 0 0 0 0 0 0 0 
21 161.787 -108.034 1224.47 0.99493 -0.0553243 0.083989 0.0495668 0.996374 0.0691541 -0.0875103 -0.0646404 0.994064 
22 184.03 -508.634 1250.46 0.994657 0.0484696 0.0911531 -0.0415133 0.996188 -0.0767207 -0.0945243 0.0725267 0.992877 
24 165.292 -893.755 1222.42 0 0 0 0 0 0 0 0 0 

1 74.1337 466.762 1157.3 0.995102 -0.0442969 0.0883713 0.00766076 0.925846 0.377824 -0.0985546 -0.375297 0.92165 
2 83.1879 277.52 1234.01 0.995102 -0.0442969 0.0883713 0.00766076 0.925846 0.377824 -0.0985546 -0.375297 0.92165 
3 76.2365 81.8361 1248.39 0.995331 0.0354059 0.0897955 -0.0417554 0.996684 0.069847 -0.0870247 -0.0732704 0.993508 
6 -60.2128 283.536 1246.55 0.200137 -0.976018 0.0856424 0.872337 0.217306 0.437957 -0.446065 -0.0129426 0.894907 
7 -114.454 47.1158 1367.44 0.209699 -0.976018 -0.0584454 0.954483 0.217306 -0.204305 0.212106 -0.0129426 0.977161 
9 -185.979 -278.444 1295.09 0 0 0 0 0 0 0 0 0 
12 226.589 271.504 1221.47 0.272374 0.925969 0.261521 -0.879939 0.129757 0.457024 0.389256 -0.354604 0.850139 
13 300.02 34.274 1326.41 0.0380211 0.925969 0.37568 -0.966369 0.129757 -0.222021 -0.254332 -0.354604 0.899762 
15 313.643 -311.973 1235.29 0 0 0 0 0 0 0 0 0 
17 -23.4785 -109.957 1270.89 0.998081 -0.00320707 0.0618366 0.0262974 0.926073 -0.376427 -0.056058 0.377331 0.92438 
18 -22.1889 -482.342 1119.16 0.998081 -0.0381572 0.0487655 0.0262974 0.97422 0.224064 -0.056058 -0.222352 0.973354 
20 -7.43551 -859.021 1205.13 0 0 0 0 0 0 0 0 0 
21 162.049 -117.74 1254.67 0.995873 -0.0321309 0.0848829 0.0237755 0.994935 0.0976724 -0.0875912 -0.0952512 0.991592 
22 174.969 -517.815 1292.97 0.995873 0.0133983 0.0897661 -0.0029641 0.993317 -0.115376 -0.090712 0.114634 0.989258 
24 169.788 -901.878 1248.65 0 0 0 0 0 0 0 0 0 

1 73.324 465.041 1170.38 0.993347 -0.0603524 0.0980802 0.0133731 0.906367 0.422279 -0.114382 -0.418158 0.901144 
2 85.94 275.575 1257.8 0.993347 -0.0603524 0.0980802 0.0133731 0.906367 0.422279 -0.114382 -0.418158 0.901144 
3 79.3345 74.2349 1274.81 0.994139 0.0326738 0.103055 -0.0410665 0.995917 0.0803986 -0.100007 -0.0841595 0.991421 
6 -58.9588 281.561 1272.37 0.20908 -0.976464 0.0529521 0.88869 0.212323 0.406384 -0.408063 -0.0379087 0.912167 
7 -115.397 41.6708 1382.52 0.203067 -0.976464 -0.0726785 0.96427 0.212323 -0.158436 0.170138 -0.0379087 0.984691 
9 -186.171 -294.403 1323.23 0 0 0 0 0 0 0 0 0 
12 230.839 269.59 1243.22 0.270997 0.912326 0.306955 -0.888379 0.114276 0.444662 0.370599 -0.393195 0.84146 
13 303.836 30.2902 1343.05 0.0243354 0.912326 0.40874 -0.973701 0.114276 -0.197097 -0.226526 -0.393195 0.891114 
15 312.537 -317.824 1262.06 0 0 0 0 0 0 0 0 0 
17 -19.3399 -123.302 1301.09 0.99538 0.0186621 0.0941818 0.0234611 0.903917 -0.427064 -0.0931024 0.427301 0.899303 
18 -26.8521 -487.164 1129.08 0.99538 -0.0431021 0.0857945 0.0234611 0.975673 0.217972 -0.0931024 -0.214953 0.972177 
20 -10.1692 -864.804 1212.28 0 0 0 0 0 0 0 0 0 
21 164.798 -130.909 1282.56 0.994399 -0.0364741 0.0991953 0.028888 0.996623 0.0768665 -0.101664 -0.0735705 0.992095 
22 179.48 -532.088 1312.18 0.994357 0.02125 0.103939 -0.0115645 0.995607 -0.0929143 -0.105457 0.0911879 0.990234 
24 171.255 -917.443 1276.88 0 0 0 0 0 0 0 0 0 

1 72.3641 460.18 1218.08 0.992904 -0.0751434 0.0921706 0.0411278 0.944219 0.32674 -0.111582 -0.32063 0.940609 
2 87.5305 269.606 1282.79 0.992904 -0.0751434 0.0921706 0.0411278 0.944219 0.32674 -0.111582 -0.32063 0.940609 
3 79.4827 66.6548 1297.6 0.994508 0.0395178 0.0969092 -0.0462839 0.996571 0.0685942 -0.0938661 -0.0727029 0.992927 
6 -58.5694 276.406 1296.58 0.222818 -0.97481 -0.00985584 0.895801 0.200749 0.396534 -0.384567 -0.0971839 0.917967 
7 -119.12 32.9722 1401.09 0.180099 -0.97481 -0.131565 0.965524 0.200749 -0.165717 0.187954 -0.0971839 0.977358 
9 -183.337 -311.298 1334.07 0 0 0 0 0 0 0 0 0 
12 233.63 262.807 1269.01 0.271119 0.881854 0.385781 -0.905603 0.0978894 0.412674 0.326154 -0.461249 0.82515 
13 305.042 24.2738 1354.91 0.0198289 0.881854 0.471104 -0.985047 0.0978894 -0.141777 -0.171143 -0.461249 0.870609 
15 312.115 -327.077 1293.87 0 0 0 0 0 0 0 0 0 
17 -21.6294 -131.965 1321.19 0.99372 0.0173776 0.110536 0.0310841 0.906111 -0.421897 -0.10749 0.422684 0.89988 
18 -28.6327 -497.136 1150.84 0.99372 -0.0530251 0.0985321 0.0310841 0.976744 0.212144 -0.10749 -0.207749 0.972258 
20 -8.08504 -875.633 1231.35 0 0 0 0 0 0 0 0 0 
21 164.499 -140.628 1303.62 0.994855 -0.0440621 0.0912251 0.0335606 0.992959 0.113609 -0.0955886 -0.109963 0.989329 
22 182.257 -540.799 1347.94 0.994496 0.0330394 0.0994297 -0.018634 0.989625 -0.142464 -0.103105 0.139827 0.984793 
24 169.454 -924.287 1293.75 0 0 0 0 0 0 0 0 0 

1 73.5224 459.169 1224.31 0.988383 -0.0564786 0.141101 -0.00572273 0.913902 0.405894 -0.151877 -0.401986 0.902962 
2 86.0631 256.243 1313.57 0.988383 -0.0564786 0.141101 -0.00572273 0.913902 0.405894 -0.151877 -0.401986 0.902962 
3 78.4241 53.5775 1322.74 0.988757 0.0376275 0.144715 -0.0437381 0.998271 0.0392764 -0.142987 -0.0451644 0.988693 
6 -60.9452 262.746 1334.83 0.203454 -0.977883 0.0484812 0.892665 0.205609 0.401092 -0.402189 -0.0383261 0.914754 
7 -115.027 25.4567 1441.74 0.189915 -0.977884 -0.0876128 0.949677 0.205609 -0.236304 0.249092 -0.0383261 0.967721 
9 -182.753 -313.208 1352.91 0 0 0 0 0 0 0 0 0 
12 233.071 249.74 1292.31 0.280408 0.859052 0.428254 -0.918399 0.110367 0.379951 0.279133 -0.499849 0.8199 
13 305.775 11.6181 1364.68 0.0152322 0.860242 0.509658 -0.992962 0.0728879 -0.0933493 -0.117451 -0.504649 0.855298 
15 311.13 -337.446 1323.4 0 0 0 0 0 0 0 0 0 
17 -22.2155 -144.974 1345.36 0.990185 0.0256294 0.137395 0.0374378 0.898482 -0.43741 -0.134657 0.438261 0.888704 
18 -32.5475 -507.182 1168.68 0.990185 -0.0656376 0.123393 0.0374378 0.975163 0.218302 -0.134657 -0.21154 0.968049 
20 -7.10456 -885.181 1250.68 0 0 0 0 0 0 0 0 0 
21 163.786 -153.202 1318.46 0.989715 -0.04072 0.137138 0.0235042 0.991892 0.124892 -0.141112 -0.120384 0.982647 
22 180.201 -553.066 1366.99 0.989177 0.032833 0.143008 -0.0131475 0.990555 -0.13648 -0.146138 0.133123 0.980266 
24 167.474 -937.032 1315.39 0 0 0 0 0 0 0 0 0 

1 80.3231 483.092 1234.25 0.995337 -0.0234347 0.0935691 -0.01669 0.913567 0.406346 -0.0950042 -0.406013 0.908916 
2 86.163 255.433 1335.42 0.995337 -0.0234347 0.0935691 -0.01669 0.913567 0.406346 -0.0950042 -0.406013 0.908916 
3 78.3031 52.8283 1342.73 0.995136 0.0387395 0.0905759 -0.0418215 0.9986 0.0323798 -0.0891947 -0.0360104 0.995363 
6 -60.8267 261.611 1348.6 0.211793 -0.977171 0.0167308 0.913222 0.203971 0.352734 -0.348094 -0.0594275 0.935574 
7 -116.61 21.081 1440.28 0.1848 -0.977171 -0.104809 0.954049 0.203971 -0.219511 0.235878 -0.0594275 0.969964 
9 -182.198 -317.523 1356.57 0 0 0 0 0 0 0 0 0 
12 233.153 249.256 1322.25 0.271348 0.880508 0.388685 -0.926565 0.129685 0.353071 0.260476 -0.455947 0.851037 
13 303.59 8.73528 1389.86 0.0225051 0.884235 0.466499 -0.995976 0.0603169 -0.0662804 -0.0867452 -0.463131 0.882035 
15 311.438 -338.563 1359.62 0 0 0 0 0 0 0 0 0 
17 -24.6852 -145.779 1358.56 0.989231 0.0214167 0.14479 0.0385219 0.916264 -0.398718 -0.141205 0.400002 0.905571 
18 -33.3365 -515.901 1196.98 0.989231 -0.071767 0.127563 0.0385219 0.968471 0.246131 -0.141205 -0.238566 0.960806 
20 -5.46143 -892.065 1289.64 0 0 0 0 0 0 0 0 0 
21 165.572 -153.775 1341.51 0.996203 -0.0216101 0.084337 0.0149053 0.996737 0.0793346 -0.0857762 -0.0777763 0.993274 
22 174.301 -556.403 1372.93 0.99572 0.0313189 0.0869572 -0.0205826 0.992351 -0.121724 -0.0901043 0.119413 0.988747 
24 162.137 -941.842 1326.55 0 0 0 0 0 0 0 0 0 

1 81.2781 490.474 1248.47 0.991384 -0.0111271 0.130512 -0.0437829 0.910925 0.410243 -0.123452 -0.412422 0.902589 
2 84.0829 260.863 1352.42 0.991384 -0.0111271 0.130512 -0.0437829 0.910925 0.410243 -0.123452 -0.412422 0.902589 
3 77.1478 57.2952 1362.54 0.99143 0.0340057 0.126135 -0.0399581 0.998189 0.0449644 -0.124377 -0.0496192 0.990993 
6 -63.124 266.796 1370.89 0.196966 -0.979547 0.041128 0.932007 0.200095 0.302201 -0.30425 -0.0211917 0.952356 
7 -117.11 11.3417 1454.28 0.189634 -0.979547 -0.0672754 0.953253 0.200095 -0.226429 0.23526 -0.0211918 0.971701 
9 -183.32 -321.479 1372.14 0 0 0 0 0 0 0 0 0 
12 231.29 254.93 1333.95 0.258115 0.87925 0.400371 -0.903068 0.0723261 0.423364 0.343285 -0.470838 0.812691 
13 297.307 23.9547 1421.76 0.0529447 0.878271 0.475223 -0.993361 0.0949942 -0.0648907 -0.102135 -0.468632 0.877469 
15 315.775 -322.556 1386.13 0 0 0 0 0 0 0 0 0 
17 -26.8489 -142.361 1384.84 0.989075 0.0210661 0.145901 0.0420724 0.908231 -0.416349 -0.141282 0.417939 0.897422 
18 -35.3854 -510.399 1215.48 0.989075 -0.0772864 0.125529 0.0420724 0.964124 0.262097 -0.141282 -0.253952 0.956843 
20 -5.27149 -886.061 1314.43 0 0 0 0 0 0 0 0 0 
21 167.275 -150.184 1360.48 0.992526 -0.0222995 0.119982 0.012816 0.996773 0.0792392 -0.121362 -0.0771093 0.989609 
22 176.311 -554.103 1391.73 0.99206 0.0305055 0.122012 -0.0151854 0.992094 -0.124574 -0.124848 0.121732 0.98468 
24 164.425 -940.663 1344.3 0 0 0 0 0 0 0 0 0 

1 78.5713 482.426 1253.54 0.991229 -0.00747015 0.131944 -0.0571753 0.875886 0.479118 -0.119147 -0.48246 0.867777 
2 80.3988 268.141 1371.57 0.991229 -0.00747015 0.131944 -0.0571753 0.875886 0.479118 -0.119147 -0.48246 0.867777 
3 74.5291 63.1039 1380.8 0.99149 0.0285869 0.127008 -0.0340377 0.998581 0.0409557 -0.125657 -0.0449302 0.991056 
6 -66.7193 273.192 1390.22 0.180225 -0.983125 0.0313777 0.950597 0.182282 0.251274 -0.252753 -0.0154584 0.967407 
7 -117.531 5.18332 1461.48 0.172727 -0.983258 -0.0580408 0.955946 0.181546 -0.230668 0.237343 -0.0156412 0.9713 
9 -177.447 -326.412 1379.15 0 0 0 0 0 0 0 0 0 
12 227.517 263.091 1352.93 0.251542 0.881315 0.400013 -0.905784 0.068746 0.418127 0.341002 -0.467501 0.815574 
13 291.393 33.0782 1439.52 0.0826238 0.878465 0.470609 -0.992731 0.114017 -0.0385384 -0.0875119 -0.464004 0.8815 
15 319.373 -303.1 1409.88 0 0 0 0 0 0 0 0 0 
17 -28.8694 -138.585 1402.38 0.988148 0.0210068 0.152061 0.0417024 0.916601 -0.397623 -0.147732 0.399251 0.904861 
18 -37.4003 -510.818 1240.25 0.988148 -0.0807697 0.130538 0.0417024 0.959647 0.278097 -0.147732 -0.269357 0.951642 
20 -5.86118 -885.544 1345.42 0 0 0 0 0 0 0 0 0 
21 166.188 -145.282 1377.66 0.992333 -0.0254385 0.120947 0.01768 0.997742 0.0647939 -0.122322 -0.0621587 0.990542 
22 176.519 -550.466 1402.9 0.991794 0.0329004 0.12354 -0.0189429 0.993471 -0.1125 -0.126435 0.109236 0.985942 
24 163.672 -938.399 1360.25 0 0 0 0 0 0 0 0 0 

1 64.2289 472.785 1269.27 0.99009 -0.069954 0.121775 -0.00372512 0.853724 0.520713 -0.140388 -0.516006 0.845002 
2 80.6242 272.696 1390.2 0.99009 -0.069954 0.121775 -0.00372512 0.853724 0.520713 -0.140388 -0.516006 0.845002 
3 72.7293 64.6015 1398.33 0.990763 0.0378827 0.130206 -0.0426132 0.998522 0.0337376 -0.128736 -0.0389745 0.990913 
6 -65.0455 278.961 1409.13 0.18345 -0.98244 0.0340147 0.95462 0.1863 0.232365 -0.234621 -0.0101562 0.972034 
7 -118.052 3.12897 1476.93 0.164426 -0.9846 -0.0593893 0.949567 0.174298 -0.260658 0.266995 -0.0135351 0.963603 
9 -175.803 -330.385 1383.15 0 0 0 0 0 0 0 0 0 
12 226.294 266.431 1371.28 0.24815 0.876457 0.412608 -0.919235 0.0786515 0.385773 0.305661 -0.475014 0.825187 
13 288.903 34.505 1448.4 0.0783149 0.874763 0.47818 -0.994248 0.103683 -0.0268393 -0.0730574 -0.473328 0.877851 
15 315.94 -308.742 1423.17 0 0 0 0 0 0 0 0 0 
17 -32.2794 -139.316 1419.07 0.989826 0.00694876 0.142111 0.0487513 0.921781 -0.384632 -0.133668 0.387647 0.912065 
18 -35.1073 -514.451 1261.31 0.989826 -0.083435 0.11525 0.0487513 0.959865 0.276192 -0.133668 -0.267763 0.954167 
20 -2.45798 -890.06 1366.09 0 0 0 0 0 0 0 0 0 
21 161.948 -147.67 1393.83 0.99154 -0.039622 0.123602 0.0291988 0.995951 0.0850285 -0.126471 -0.0807001 0.988682 
22 178.073 -552.989 1426.67 0.991012 0.0352521 0.129045 -0.0201011 0.992942 -0.116881 -0.132254 0.113237 0.984726 
24 164.279 -941.542 1382.36 0 0 0 0 0 0 0 0 0 

1 60.6283 465.608 1295.14 0.985772 -0.0861575 0.144327 0.00443523 0.871676 0.490063 -0.168029 -0.48245 0.859656 
2 80.6757 262.783 1407.4 0.985772 -0.0861575 0.144327 0.00443523 0.871676 0.490063 -0.168029 -0.48245 0.859656 
3 72.0632 51.3494 1413.71 0.98697 0.0406821 0.155679 -0.044822 0.998726 0.0231737 -0.154538 -0.0298496 0.987536 
6 -63.3687 269.325 1429.95 0.198725 -0.97951 0.0326803 0.952255 0.200866 0.22992 -0.231773 -0.0145707 0.972661 
7 -118.59 4.71475 1494.35 0.186476 -0.97951 -0.0760672 0.931904 0.200866 -0.302005 0.311096 -0.0145707 0.950267 
9 -183.081 -317.579 1386.76 0 0 0 0 0 0 0 0 0 
12 224.72 256.241 1384.84 0.23913 0.868923 0.433348 -0.921852 0.0629916 0.382389 0.304969 -0.490923 0.816081 
13 285.073 23.5775 1461.81 0.0957101 0.865413 0.491832 -0.994016 0.109229 0.00123849 -0.0526506 -0.489008 0.870689 
15 318.788 -326.567 1443.27 0 0 0 0 0 0 0 0 0 
17 -33.2724 -155.692 1435.18 0.993395 -0.00214591 0.114724 0.0464899 0.921612 -0.385318 -0.104904 0.388106 0.915625 
18 -32.3985 -531.022 1277.12 0.993395 -0.0708492 0.0902583 0.0464899 0.967668 0.247907 -0.104904 -0.242073 0.96457 
20 -4.65459 -909.952 1371.91 0 0 0 0 0 0 0 0 0 
21 160.174 -164.477 1404.89 0.987723 -0.0469546 0.148991 0.0353209 0.996186 0.0797918 -0.152169 -0.0735498 0.985614 
22 179.296 -570.178 1434.84 0.987381 0.0335048 0.154778 -0.0197519 0.995786 -0.0895538 -0.157127 0.0853666 0.983882 
24 166.176 -960.119 1401.41 0 0 0 0 0 0 0 0 0 

1 54.3453 462.016 1300.51 0.983785 -0.0997032 0.149086 0.00912516 0.857993 0.51358 -0.17912 -0.503892 0.84499 
2 78.7445 252.05 1423.83 0.983785 -0.0997032 0.149086 0.00912516 0.857993 0.51358 -0.17912 -0.503892 0.84499 
3 70.4141 42.7535 1426.13 0.985404 0.0397678 0.165522 -0.041041 0.999148 0.00427775 -0.165211 -0.0110085 0.986197 
